1.000553076518779783e-01 1.968351094964310926e-70
1.004555288824854897e-01 2.999440140172558634e-52
1.008573509980154326e-01 4.433402426896027701e-52
1.012607804020075053e-01 7.903186762993840368e-52
1.016658235236155422e-01 9.930124089332953433e-52
1.020724868177099870e-01 1.917710345591767357e-52
1.024807767649808382e-01 9.316082985851992271e-52
1.028906998720407612e-01 3.495906085639784082e-51
1.033022626715289355e-01 8.579771057486516097e-52
1.037154717222150413e-01 8.577091686963070974e-51
1.041303336091038839e-01 1.482666866084165439e-50
1.045468549435403099e-01 1.411860588783635015e-50
1.049650423633144702e-01 4.637809422625484237e-50
1.053849025327677214e-01 3.278745096386877126e-50
1.058064421428987906e-01 1.095074422540335058e-49
1.062296679114703990e-01 7.335035105748005856e-50
1.066545865831162732e-01 1.411165782536269527e-49
1.070812049294487533e-01 3.006603573139274063e-49
1.075095297491665408e-01 1.350090090579788139e-49
1.079395678681632220e-01 7.717387910714768609e-49
1.083713261396358624e-01 4.889854424199029559e-49
1.088048114441943909e-01 1.117319365112967000e-48
1.092400306899711654e-01 1.196314290085409915e-49
1.096769908127310511e-01 2.454530859965352777e-48
1.101156987759819850e-01 3.667052112983285226e-48
1.105561615710859147e-01 1.028308509428515574e-48
1.109983862173702651e-01 4.029383937130957173e-48
1.114423797622397516e-01 1.176755553459460523e-47
1.118881492812886930e-01 2.448807990420712811e-47
1.123357018784138517e-01 2.549841349016304883e-47
1.127850446859275102e-01 1.112601253182280920e-48
1.132361848646712132e-01 2.849498364308385752e-48
1.136891296041298988e-01 8.237717424185855591e-48
1.141438861225464035e-01 1.271893742514929082e-47
1.146004616670366072e-01 3.211839619346986292e-47
1.150588635137047705e-01 5.155246297052191354e-47
1.155190989677595953e-01 1.279594138621703490e-46
1.159811753636306314e-01 1.013960794817446468e-46
1.164451000650851553e-01 4.250175980604290648e-46
1.169108804653455069e-01 6.323449525322116629e-46
1.173785239872068981e-01 3.612496204388279523e-46
1.178480380831557206e-01 1.912345169893309105e-46
1.183194302354883543e-01 6.857123953334346211e-46
1.187927079564302935e-01 1.779269404414882050e-45
1.192678787882560099e-01 1.487263966139410534e-45
1.197449503034090645e-01 1.414514921964839853e-45
1.202239301046226783e-01 1.085821921975837969e-44
1.207048258250411760e-01 4.196409803976546882e-45
1.211876451283413342e-01 1.143448905365508325e-44
1.216723957088547137e-01 1.118375564413718121e-44
1.221590852916901310e-01 9.260767779676616581e-45
1.226477216328568792e-01 5.775784808474427967e-45
1.231383125193883099e-01 4.138302295535885855e-44
1.236308657694658586e-01 4.177618187625587832e-44
1.241253892325437369e-01 1.108937933624598572e-43
1.246218907894739159e-01 2.639980479813533774e-43
1.251203783526317892e-01 3.652920519926781289e-43
1.256208598660423226e-01 4.824640919326107459e-43
1.261233433055065078e-01 7.039686410713490480e-43
1.266278366787285392e-01 1.655302755473679807e-42
1.271343480254434610e-01 9.965926300991041370e-43
1.276428854175452321e-01 2.437014637104077670e-42
1.281534569592154005e-01 4.961319735254211727e-42
1.286660707870522780e-01 6.241157817153446586e-42
1.291807350702004475e-01 3.991049479971829378e-42
1.296974580104812425e-01 7.815115326540384841e-42
1.302162478425231973e-01 2.193909730369117191e-41
1.307371128338932764e-01 2.833920727744000435e-41
1.312600612852288795e-01 2.454651748759106417e-41
1.317851015303697915e-01 5.183016104367799891e-41
1.323122419364912705e-01 6.312391729088191805e-41
1.328414909042372472e-01 1.134249781817446677e-40
1.333728568678542170e-01 1.578600667521190483e-40
1.339063482953256612e-01 2.303674550532639804e-40
1.344419736885069383e-01 3.893929279893987503e-40
1.349797415832609815e-01 3.442737587428911461e-40
1.355196605495940232e-01 5.519301819628340842e-40
1.360617391917924301e-01 5.469174378747378991e-40
1.366059861485595939e-01 1.246113378137019935e-39
1.371524100931538481e-01 1.861756357388132048e-39
1.377010197335264696e-01 1.948813869169134276e-39
1.382518238124605670e-01 2.507623712289170555e-39
1.388048311077104136e-01 3.476432033829178540e-39
1.393600504321412248e-01 5.218609043312565577e-39
1.399174906338697677e-01 1.003330182872351441e-38
1.404771605964052761e-01 7.226318847919625934e-39
1.410390692387908651e-01 1.339965203237764894e-38
1.416032255157460562e-01 1.000974391213564920e-38
1.421696384178090522e-01 4.361710557034386557e-38
1.427383169714803168e-01 3.641271370589333324e-38
1.433092702393662099e-01 1.022044802453539664e-38
1.438825073203236771e-01 4.757064446366644367e-38
1.444580373496049674e-01 3.219957679405547974e-38
1.450358694990033503e-01 8.033242921231792464e-38
1.456160129769993872e-01 4.668779554004144509e-38
1.461984770289073976e-01 1.097521335346159392e-37
1.467832709370230082e-01 1.976179725357693317e-37
1.473704040207710897e-01 1.705218033188098403e-37
1.479598856368541382e-01 6.762477606255280003e-37
1.485517251794015725e-01 4.338673431105171409e-37
1.491459320801191979e-01 2.712562847866816743e-37
1.497425158084396690e-01 8.760711986445393231e-37
1.503414858716734248e-01 2.623470379555928853e-37
1.509428518151600951e-01 9.752794824036446034e-37
1.515466232224207677e-01 3.187788554926381914e-36
1.521528097153104220e-01 1.379600203040719471e-36
1.527614209541716672e-01 4.760015623439612209e-36
1.533724666379883694e-01 8.083682340266591997e-36
1.539859565045403056e-01 8.868869422853137092e-36
1.546019003305584838e-01 3.757543963436515608e-35
1.552203079318807133e-01 3.599556265782837746e-35
1.558411891636082569e-01 5.250825774034032217e-35
1.564645539202626778e-01 8.622118036935200662e-35
1.570904121359437411e-01 1.060877850399836474e-34
1.577187737844875093e-01 1.520493448802219572e-34
1.583496488796254653e-01 2.014148040335875303e-34
1.589830474751439959e-01 2.399955234543632474e-34
1.596189796650445414e-01 4.135709972731659179e-34
1.602574555837047166e-01 5.610025787178347578e-34
1.608984854060395708e-01 6.892285664877788509e-34
1.615420793476636807e-01 9.045830764111864421e-34
1.621882476650543525e-01 1.181257522633766088e-33
1.628370006557145755e-01 1.615171408373768087e-33
1.634883486583374457e-01 2.108515044700253537e-33
1.641423020529707844e-01 2.822471369515662053e-33
1.647988712611826723e-01 3.705990866227310841e-33
1.654580667462274002e-01 5.483888235430977064e-33
1.661198990132123077e-01 6.493672449946052874e-33
1.667843786092651215e-01 8.515454681827094796e-33
1.674515161237022098e-01 1.097216314210836508e-32
1.681213221881969755e-01 1.325784357509615083e-32
1.687938074769497754e-01 1.859587842895736802e-32
1.694689827068575905e-01 2.042663847554344526e-32
1.701468586376850278e-01 2.900175695513238894e-32
1.708274460722357391e-01 3.682943065929800660e-32
1.715107558565246715e-01 4.639233559066227770e-32
1.721967988799507909e-01 6.308076135138272444e-32
1.728855860754705820e-01 7.555776750779834415e-32
1.735771284197724640e-01 1.076506364066889665e-31
1.742714369334515678e-01 1.408730233309392328e-31
1.749685226811853456e-01 1.535899522950539867e-31
1.756683967719100681e-01 2.363600773890886806e-31
1.763710703589977391e-01 2.507772131906459660e-31
1.770765546404337309e-01 3.186817282333217709e-31
1.777848608589954471e-01 5.050738599999334368e-31
1.784960003024314568e-01 5.099939030067909648e-31
1.792099843036411844e-01 7.395405809813033276e-31
1.799268242408557650e-01 9.546225422677646436e-31
1.806465315378191772e-01 1.005928006308467854e-30
1.813691176639704306e-01 1.784641783021489026e-30
1.820945941346263086e-01 1.911089135868474567e-30
1.828229725111648329e-01 1.977511090676439507e-30
1.835542644012094771e-01 3.894724849160185931e-30
1.842884814588143239e-01 3.927684923871239316e-30
1.850256353846495561e-01 3.961254658428235968e-30
1.857657379261881403e-01 7.435335051829614555e-30
1.865088008778928996e-01 6.646546411128853229e-30
1.872548360814044743e-01 9.264129602568278084e-30
1.880038554257300876e-01 1.490041736192182620e-29
1.887558708474330049e-01 1.364459453641476245e-29
1.895108943308226879e-01 2.006763613899044930e-29
1.902689379081460019e-01 2.855313821696667206e-29
1.910300136597785636e-01 2.474187536134863451e-29
1.917941337144176972e-01 3.840223034136884913e-29
1.925613102492753359e-01 4.891041709827059770e-29
1.933315554902724498e-01 4.672944282340620671e-29
1.941048817122335568e-01 6.972982476697393686e-29
1.948813012390824828e-01 9.049443559536354325e-29
1.956608264440388156e-01 8.094599881729833080e-29
1.964434697498149418e-01 1.429004977082625555e-28
1.972292436288141937e-01 1.628644421143452526e-28
1.980181606033294406e-01 1.588470398377545323e-28
1.988102332457427346e-01 2.465361495762227942e-28
1.996054741787257336e-01 3.337877717902192805e-28
2.004038960754406518e-01 3.806278201653736984e-28
2.012055116597424309e-01 4.759714463138358905e-28
2.020103337063813842e-01 6.019399858801774340e-28
2.028183750412069219e-01 7.216722661335910213e-28
2.036296485413717494e-01 1.041966670282722468e-27
2.044441671355372303e-01 1.397475522582479001e-27
2.052619438040793887e-01 1.616998908995211011e-27
2.060829915792957157e-01 2.177174443359982865e-27
2.069073235456129201e-01 2.863569571721116425e-27
2.077349528397953449e-01 3.559168332067356367e-27
2.085658926511545219e-01 4.377633554534088011e-27
2.094001562217591150e-01 5.742919203466660862e-27
2.102377568466461677e-01 7.303494877130681819e-27
2.110787078740327671e-01 9.926410089030504562e-27
2.119230227055288740e-01 1.196047263191852700e-26
2.127707147963510126e-01 1.487530143192748266e-26
2.136217976555363773e-01 1.828584510458653685e-26
2.144762848461585492e-01 2.553017347381633678e-26
2.153341899855431840e-01 3.005244479128658637e-26
2.161955267454853669e-01 3.591917469382405625e-26
2.170603088524672986e-01 4.413899980405485467e-26
2.179285500878772042e-01 5.958706821233388179e-26
2.188002642882286852e-01 7.334603125819689868e-26
2.196754653453815986e-01 8.394775501761533496e-26
2.205541672067631020e-01 1.078626856265334957e-25
2.214363838755901703e-01 1.186117744809732606e-25
2.223221294110925284e-01 1.734698036149640317e-25
2.232114179287369160e-01 1.620974655055908769e-25
2.241042636004518529e-01 2.297324917775264510e-25
2.250006806548536520e-01 2.206330595793408242e-25
2.259006833774730438e-01 3.446939839095786838e-25
2.268042861109829667e-01 3.757671473901537776e-25
2.277115032554268836e-01 4.291492393520986264e-25
2.286223492684485714e-01 5.148192547332929245e-25
2.295368386655223802e-01 4.907310596775368112e-25
2.304549860201844658e-01 9.620233211796044723e-25
2.313768059642651864e-01 8.405538257454998454e-25
2.323023131881222503e-01 1.070703194864858189e-24
2.332315224408747223e-01 1.097310755839761745e-24
2.341644485306381973e-01 1.349450346249544626e-24
2.351011063247607502e-01 2.540157654726115715e-24
2.360415107500598020e-01 2.091048961967571755e-24
2.369856767930600405e-01 3.752615920222842698e-24
2.379336195002322851e-01 3.044759467676082557e-24
2.388853539782332114e-01 4.071352939480218260e-24
2.398408953941461863e-01 3.427148161805678722e-24
2.408002589757227141e-01 3.773850651033533222e-24
2.417634600116256582e-01 7.839435581610651964e-24
2.427305138516721306e-01 4.994126184147737634e-24
2.437014359070788505e-01 6.820689017008589675e-24
2.446762416507071713e-01 4.907612675556255458e-24
2.456549466173099938e-01 9.503828459937162366e-24
2.466375664037792625e-01 1.006826723370504878e-23
2.476241166693943785e-01 1.009792737177324311e-23
2.486146131360719436e-01 2.821942072565341231e-23
2.496090715886161993e-01 1.863498232297109399e-23
2.506075078749706586e-01 2.653487906559933007e-23
2.516099379064705155e-01 2.643620566004228494e-23
2.526163776580964138e-01 2.176648353079727353e-23
2.536268431687287994e-01 1.161766297387355010e-23
2.546413505414037437e-01 1.197903806583799905e-23
2.556599159435693491e-01 2.989009786148114770e-23
2.566825556073435988e-01 4.955061284967580347e-23
2.577092858297729827e-01 5.362008716799758972e-23
2.587401229730920682e-01 8.589181868018780756e-23
2.597750834649844576e-01 7.313672348258397337e-23
2.608141837988444123e-01 9.006027337226916490e-23
2.618574405340398092e-01 6.287695125618612021e-23
2.629048702961759298e-01 4.136395520671117189e-23
2.639564897773606367e-01 5.260561997283841377e-23
2.650123157364701054e-01 6.895842728184112819e-23
2.660723649994159445e-01 1.029471159325908567e-22
2.671366544594135917e-01 1.306260782627349787e-22
2.682052010772512096e-01 1.336138436578395723e-22
2.692780218815602478e-01 2.205914014380060755e-22
2.703551339690865030e-01 1.672057688196704033e-22
2.714365545049627904e-01 2.293938127756907348e-22
2.725223007229827243e-01 2.916998741101082333e-22
2.736123899258746106e-01 2.978040252311381736e-22
2.747068394855781692e-01 2.834736821356252317e-22
2.758056668435204806e-01 3.008307881972797972e-22
2.769088895108945403e-01 2.069520875141668626e-22
2.780165250689380918e-01 3.087959728177080539e-22
2.791285911692138466e-01 2.960635136845592834e-22
2.802451055338907038e-01 4.078061179121245806e-22
2.813660859560263017e-01 5.390317189861663444e-22
2.824915502998503469e-01 7.271262855437987987e-22
2.836215165010497197e-01 9.873276936827687123e-22
2.847560025670539119e-01 2.744872840218234900e-21
2.858950265773221866e-01 2.176550193168352360e-21
2.870386066836315142e-01 1.343267006141937227e-21
2.881867611103660631e-01 9.960893489472006713e-22
2.893395081548075787e-01 8.527492221021641588e-22
2.904968661874267610e-01 9.000505461148787270e-22
2.916588536521764197e-01 8.995771653728321483e-22
2.928254890667851273e-01 1.184509842333500261e-21
2.939967910230522619e-01 1.384245236331972298e-21
2.951727781871444911e-01 2.004037542123310172e-21
2.963534692998930908e-01 2.212224832319671100e-21
2.975388831770926501e-01 2.571893677716531489e-21
2.987290387098009981e-01 2.356742690901222520e-21
2.999239548646402409e-01 3.725882437048369369e-21
3.011236506840988536e-01 2.415276991151704755e-21
3.023281452868351593e-01 5.648042314591316546e-21
3.035374578679824742e-01 2.690666349746864738e-21
3.047516076994544187e-01 3.681160986847890840e-21
3.059706141302522830e-01 3.905888711814229396e-21
3.071944965867733357e-01 3.107571027860787475e-21
3.084232745731204095e-01 3.063309159384669006e-21
3.096569676714128194e-01 4.129532587521132012e-21
3.108955955420985018e-01 3.660235166663453638e-21
3.121391779242668751e-01 4.096191064462474412e-21
3.133877346359639215e-01 4.222285196355348602e-21
3.146412855745078230e-01 4.195054625979443832e-21
3.158998507168058190e-01 5.273334230547466207e-21
3.171634501196730627e-01 4.378589634016192606e-21
3.184321039201517545e-01 6.583643787162757951e-21
3.197058323358323295e-01 8.653590986308836414e-21
3.209846556651756444e-01 7.893063893677777125e-21
3.222685942878363852e-01 8.313761959498239634e-21
3.235576686649877520e-01 1.029917332883857699e-20
3.248518993396476984e-01 9.918922379090252596e-21
3.261513069370062801e-01 1.092717371565339617e-20
3.274559121647543369e-01 1.165914753178889227e-20
3.287657358134133401e-01 1.313166866548146755e-20
3.300807987566670154e-01 1.535681388200473842e-20
3.314011219516936890e-01 1.449596981646138080e-20
3.327267264395004642e-01 1.716048763033841826e-20
3.340576333452584534e-01 1.822400209715991686e-20
3.353938638786395088e-01 2.375686287177395270e-20
3.367354393341540630e-01 2.993590812183740574e-20
3.380823810914907468e-01 3.285280411520465500e-20
3.394347106158566718e-01 3.288746834449803179e-20
3.407924494583201014e-01 3.987089059515575513e-20
3.421556192561533982e-01 4.956945983483266628e-20
3.435242417331779707e-01 8.751689972377118062e-20
3.448983387001106626e-01 9.027016402590315547e-20
3.462779320549111417e-01 9.274464580948715828e-20
3.476630437831307319e-01 1.332104624462981714e-19
3.490536959582632992e-01 1.461913460965977292e-19
3.504499107420963600e-01 9.980840710922415760e-20
3.518517103850647421e-01 1.344924058426238667e-19
3.532591172266050239e-01 1.281913563640984808e-19
3.546721536955114717e-01 1.269723257084899646e-19
3.560908423102934761e-01 2.657037318692882897e-19
3.575152056795346533e-01 4.564021497253811332e-19
3.589452665022527800e-01 3.217909964100895085e-19
3.603810475682617254e-01 2.945339572265462238e-19
3.618225717585348278e-01 4.155899621375283674e-19
3.632698620455689364e-01 4.729274109272737492e-19
3.647229414937512293e-01 6.445955606177996160e-19
3.661818332597261971e-01 4.090485259829210437e-19
3.676465605927651259e-01 6.315354528716397000e-19
3.691171468351361895e-01 6.678796722573708629e-19
3.705936154224767076e-01 1.284948708438564190e-18
3.720759898841666247e-01 3.068913231443983516e-18
3.735642938437032656e-01 3.789400563119467905e-18
3.750585510190780902e-01 3.801016038473046721e-18
3.765587852231543908e-01 2.082554278098284425e-18
3.780650203640470441e-01 1.255821388538881770e-18
3.795772804455032068e-01 2.244095882924321720e-18
3.810955895672852312e-01 2.316960762176504464e-18
3.826199719255543585e-01 6.490859130461500513e-18
3.841504518132565771e-01 4.476017414146541893e-18
3.856870536205096456e-01 8.671695039946226801e-18
3.872298018349916715e-01 5.809881617985579898e-18
3.887787210423316320e-01 7.366006871563396272e-18
3.903338359265008939e-01 6.939104975387566899e-18
3.918951712702069545e-01 7.752292780968951994e-18
3.934627519552877928e-01 1.557276873529532487e-17
3.950366029631089404e-01 7.757749341024987543e-18
3.966167493749613859e-01 1.253972628583044239e-17
3.982032163724612550e-01 8.144369671467431742e-18
3.997960292379510450e-01 8.228433481769663185e-18
4.013952133549028578e-01 7.928347208326090061e-18
4.030007942083224659e-01 8.073570343937767111e-18
4.046127973851557647e-01 1.144712807422290716e-17
4.062312485746963908e-01 1.316842228555375944e-17
4.078561735689951728e-01 1.368456614789918623e-17
4.094875982632711353e-01 1.464021865691729419e-17
4.111255486563242245e-01 1.498935064639914106e-17
4.127700508509495880e-01 1.908045017540008458e-17
4.144211310543532978e-01 2.376752733559952048e-17
4.160788155785707931e-01 2.483232704731644783e-17
4.177431308408850463e-01 3.505749198127068040e-17
4.194141033642486138e-01 5.467968461980166735e-17
4.210917597777056320e-01 1.095455094542791480e-16
4.227761268168164221e-01 4.533182586601612228e-16
4.244672313240837602e-01 1.400118365227594268e-16
4.261651002493800910e-01 9.499066243362830802e-17
4.278697606503775730e-01 9.258346949983335228e-17
4.295812396929790666e-01 1.279703531279234173e-16
4.312995646517510107e-01 1.154655164397587892e-16
4.330247629103580187e-01 1.034679790596897220e-16
4.347568619619994745e-01 9.801758819372144877e-17
4.364958894098474596e-01 1.222568233759168030e-16
4.382418729674867897e-01 1.802999793694939431e-16
4.399948404593567730e-01 1.674579234610058044e-16
4.417548198211941890e-01 1.832084504436516320e-16
4.435218391004789873e-01 2.524547230461041746e-16
4.452959264568808750e-01 2.779745162291547293e-16
4.470771101627084021e-01 2.605305575632927889e-16
4.488654186033592119e-01 2.930960410984396970e-16
4.506608802777726241e-01 3.070090963075022389e-16
4.524635237988837710e-01 4.036383736716702876e-16
4.542733778940792333e-01 4.362652650330036740e-16
4.560904714056555065e-01 4.499177827768176292e-16
4.579148332912781894e-01 5.082559114493100919e-16
4.597464926244433370e-01 6.531379186900109531e-16
4.615854785949410899e-01 6.278396119256588062e-16
4.634318205093208576e-01 8.513786460381795947e-16
4.652855477913582227e-01 8.681729381675148972e-16
4.671466899825236219e-01 1.000263887542904466e-15
4.690152767424536906e-01 1.107811570360496479e-15
4.708913378494234969e-01 1.134857325224292042e-15
4.727749032008212171e-01 1.331446029280984145e-15
4.746660028136244769e-01 1.421634817815827671e-15
4.765646668248789131e-01 2.137773379414769149e-15
4.784709254921784560e-01 3.015503452876826984e-15
4.803848091941470555e-01 2.799088260710288593e-15
4.823063484309236815e-01 3.033091751568847350e-15
4.842355738246474361e-01 3.028203128995459800e-15
4.861725161199459966e-01 3.201234494943888456e-15
4.881172061844257226e-01 3.229147062856653244e-15
4.900696750091634302e-01 3.880644902524454086e-15
4.920299537092001074e-01 3.905450061855659178e-15
4.939980735240369625e-01 3.835900949040911291e-15
4.959740658181330253e-01 5.682708812131401799e-15
4.979579620814056362e-01 5.804389286162729468e-15
4.999497939297311566e-01 7.573145066364904994e-15
5.019495931054501758e-01 8.977653183592967642e-15
5.039573914778719965e-01 8.762360233683664701e-15
5.059732210437835054e-01 1.109181521322555573e-14
5.079971139279585435e-01 1.206793848026101800e-14
5.100291023836703852e-01 1.466742604302812946e-14
5.120692187932051054e-01 1.686195203143472403e-14
5.141174956683780550e-01 1.918900133247767619e-14
5.161739656510514473e-01 2.437175266796676740e-14
5.182386615136556074e-01 3.643737554229423122e-14
5.203116161597103329e-01 2.862372055441013903e-14
5.223928626243490303e-01 2.123967802283517635e-14
5.244824340748465152e-01 2.344605958335234003e-14
5.265803638111459239e-01 3.222248773583621931e-14
5.286866852663905103e-01 2.936613522299032283e-14
5.308014320074561088e-01 3.243007303425505407e-14
5.329246377354859288e-01 4.130403206470756333e-14
5.350563362864277916e-01 4.026676965385695022e-14
5.371965616315735881e-01 4.972036970121697397e-14
5.393453478780998456e-01 5.303382688987672268e-14
5.415027292696121819e-01 5.853173319531128338e-14
5.436687401866906466e-01 7.416470883923460368e-14
5.458434151474373941e-01 9.682414951836205521e-14
5.480267888080271321e-01 9.189282297084877806e-14
5.502188959632591247e-01 1.077400815067924882e-13
5.524197715471121928e-01 1.122313785814571646e-13
5.546294506333006025e-01 1.160758377751621977e-13
5.568479684358338400e-01 1.304966818671275037e-13
5.590753603095770519e-01 1.648061127368482637e-13
5.613116617508153716e-01 1.982941697890618758e-13
5.635569083978186899e-01 2.436469993581974206e-13
5.658111360314097560e-01 2.375073255659744895e-13
5.680743805755354980e-01 2.853323038249930344e-13
5.703466780978375672e-01 2.790991026279164833e-13
5.726280648102289872e-01 2.981511329553383443e-13
5.749185770694699160e-01 3.002145287359045164e-13
5.772182513777477375e-01 3.546832556856065203e-13
5.795271243832587071e-01 3.454764442212806257e-13
5.818452328807918184e-01 3.811085617435125902e-13
5.841726138123150003e-01 4.384328998482733852e-13
5.865093042675643131e-01 6.465940537379128556e-13
5.888553414846344758e-01 1.499897279374322670e-12
5.912107628505729462e-01 1.185575809891778247e-12
5.935756059019753339e-01 1.034306947902099036e-12
5.959499083255832552e-01 1.156571898428797361e-12
5.983337079588855190e-01 1.107855045773716204e-12
6.007270427907210886e-01 1.104432176633117480e-12
6.031299509618840426e-01 1.060988239269451915e-12
6.055424707657315331e-01 1.006828035694713594e-12
6.079646406487945187e-01 9.884674890788621033e-13
6.103964992113897203e-01 9.992110997331292083e-13
6.128380852082353503e-01 1.047900469588794539e-12
6.152894375490681744e-01 1.323561789526325009e-12
6.177505952992645710e-01 1.953351604985802129e-12
6.202215976804615893e-01 2.470914384983281305e-12
6.227024840711834486e-01 3.476053256559636542e-12
6.251932940074681477e-01 3.171530410900993388e-12
6.276940671834980723e-01 3.077733395873218943e-12
6.302048434522321552e-01 2.823835018798356506e-12
6.327256628260409244e-01 2.621790538166752999e-12
6.352565654773452142e-01 2.777908101414720719e-12
6.377975917392545435e-01 3.431821071608041720e-12
6.403487821062116003e-01 2.979713676907042823e-12
6.429101772346363930e-01 2.866335767564249782e-12
6.454818179435749537e-01 2.933905434342023702e-12
6.480637452153492628e-01 3.027358425990316580e-12
6.506560001962106154e-01 3.237288783418398778e-12
6.532586241969955410e-01 3.221870307335518506e-12
6.558716586937833881e-01 3.981680832800989830e-12
6.584951453285585732e-01 4.546084652100234810e-12
6.611291259098727169e-01 5.268305106120599142e-12
6.637736424135122215e-01 6.413427232392271281e-12
6.664287369831662922e-01 7.572154601883379618e-12
6.690944519310989547e-01 8.876016194636307468e-12
6.717708297388232941e-01 9.810138582542629881e-12
6.744579130577786907e-01 1.041115832507498433e-11
6.771557447100098326e-01 1.014103191081373815e-11
6.798643676888498355e-01 1.218040123582189084e-11
6.825838251596052508e-01 1.317017915460499671e-11
6.853141604602436265e-01 1.517857167429373293e-11
6.880554171020846210e-01 1.745287239493730478e-11
6.908076387704928933e-01 1.779909312584167731e-11
6.935708693255748791e-01 1.564773884739712824e-11
6.963451528028771209e-01 1.468100159415629962e-11
6.991305334140887062e-01 1.473650145663544627e-11
7.019270555477450380e-01 1.480993245623678661e-11
7.047347637699360456e-01 1.290952824922483283e-11
7.075537028250157290e-01 1.551215631595161982e-11
7.103839176363159202e-01 1.936863503924494812e-11
7.132254533068611568e-01 2.304186791681768797e-11
7.160783551200886610e-01 2.361906496057047618e-11
7.189426685405689854e-01 2.410396188260496253e-11
7.218184392147313222e-01 2.631052982240123648e-11
7.247057129715901436e-01 2.550111411481718546e-11
7.276045358234763949e-01 2.551759035131384021e-11
7.305149539667704639e-01 2.519848231314434623e-11
7.334370137826373703e-01 2.547918071017360188e-11
7.363707618377679509e-01 2.642179661068855082e-11
7.393162448851190449e-01 2.760684323391895033e-11
7.422735098646596752e-01 2.949360868809767114e-11
7.452426039041182282e-01 3.150547565320678565e-11
7.482235743197346300e-01 3.335674935561980777e-11
7.512164686170136330e-01 3.571871157094548121e-11
7.542213344914817652e-01 3.779008275960687284e-11
7.572382198294477229e-01 4.050550184083592820e-11
7.602671727087656484e-01 4.679629452870794868e-11
7.633082413996006288e-01 5.061085880456858153e-11
7.663614743651989691e-01 6.283237978667113633e-11
7.694269202626597970e-01 6.760776456471889392e-11
7.725046279437104424e-01 6.947219618850203580e-11
7.755946464554852593e-01 7.660877539531179072e-11
7.786970250413072225e-01 8.050661344834670827e-11
7.818118131414724115e-01 8.255864973045528083e-11
7.849390603940383793e-01 9.251111829703811335e-11
7.880788166356144098e-01 9.343764046250546104e-11
7.912311319021569922e-01 1.003533753754897447e-10
7.943960564297655180e-01 1.027424723436558990e-10
7.975736406554845281e-01 1.066296883697179765e-10
8.007639352181065151e-01 1.103763200456579718e-10
8.039669909589789443e-01 1.151612989843963104e-10
8.071828589228148276e-01 1.200537554042434153e-10
8.104115903585061842e-01 1.257521306675450493e-10
8.136532367199402760e-01 1.310525203154838259e-10
8.169078496668199518e-01 1.419771986688931482e-10
8.201754810654874328e-01 1.701114108465192625e-10
8.234561829897493190e-01 1.641830007748486646e-10
8.267500077217083687e-01 1.753941339228409510e-10
8.300570077525952772e-01 1.946111412221048899e-10
8.333772357836056743e-01 2.034937900476272149e-10
8.367107447267401188e-01 2.219164934945036204e-10
8.400575877056470908e-01 2.335703406710884419e-10
8.434178180564695371e-01 2.651001578083472103e-10
8.467914893286955236e-01 3.062898137083108278e-10
8.501786552860102208e-01 3.178543503781864948e-10
8.535793699071543283e-01 3.379783956501692248e-10
8.569936873867830540e-01 3.349584283869697696e-10
8.604216621363300899e-01 3.437370604282873697e-10
8.638633487848753623e-01 3.597733127736195187e-10
8.673188021800150027e-01 3.911474376521466374e-10
8.707880773887352044e-01 4.049487326564350758e-10
8.742712296982900755e-01 4.223837003604189132e-10
8.777683146170831563e-01 4.350567796169880508e-10
8.812793878755513788e-01 4.603357825333668781e-10
8.848045054270535781e-01 4.842292145312208337e-10
8.883437234487617795e-01 5.766647877569746464e-10
8.918970983425568155e-01 5.738895478414489598e-10
8.954646867359271623e-01 6.361300957390225605e-10
8.990465454828707736e-01 6.473518976691101155e-10
9.026427316648023558e-01 6.958789749505604115e-10
9.062533025914615292e-01 7.358891657773682426e-10
9.098783158018273198e-01 7.534872702741801695e-10
9.135178290650346478e-01 7.841776573340988291e-10
9.171719003812948134e-01 8.143389224625089798e-10
9.208405879828199803e-01 8.491569414469351489e-10
9.245239503347512100e-01 8.982036639755770848e-10
9.282220461360901620e-01 9.524769256931573510e-10
9.319349343206346781e-01 1.017709984287821098e-09
9.356626740579171431e-01 1.075086835132204266e-09
9.394053247541488405e-01 1.160243075636197498e-09
9.431629460531654185e-01 1.199016039600726536e-09
9.469355978373780180e-01 1.253069337289170368e-09
9.507233402287275092e-01 1.314194475305962081e-09
9.545262335896426142e-01 1.387145882406331435e-09
9.583443385240012491e-01 1.476594035825332329e-09
9.621777158780971950e-01 1.556809966691686792e-09
9.660264267416096562e-01 1.649671085750604704e-09
9.698905324485760371e-01 1.722142125252420849e-09
9.737700945783701600e-01 1.880627609549984228e-09
9.776651749566835914e-01 1.998049995850993716e-09
9.815758356565105203e-01 2.081295062147147205e-09
9.855021389991363012e-01 2.214756616478436688e-09
9.894441475551331022e-01 2.399062722561250930e-09
9.934019241453534432e-01 2.738917630558211957e-09
9.973755318419349480e-01 2.757058576093392512e-09
1.001365033969302543e+00 2.857056749663338994e-09
1.005370494105179757e+00 3.044407141954611155e-09
1.009391976081600362e+00 3.127321689398910382e-09
1.013429543985926884e+00 3.251520295287452012e-09
1.017483262161870350e+00 3.412784439829195687e-09
1.021553195210518128e+00 3.550274678756720394e-09
1.025639407991360219e+00 3.829511701349281368e-09
1.029741965623325539e+00 4.045130510416722081e-09
1.033860933485818867e+00 4.224085957337373679e-09
1.037996377219762012e+00 4.315888221597644764e-09
1.042148362728641198e+00 4.562598246613823048e-09
1.046316956179555557e+00 4.689771092008881038e-09
1.050502224004274066e+00 4.923604814931234284e-09
1.054704232900291139e+00 5.109079256929445092e-09
1.058923049831892227e+00 5.396484294308064002e-09
1.063158742031219628e+00 5.654719795673240757e-09
1.067411376999344741e+00 6.018271589236622715e-09
1.071681022507342096e+00 6.294190845543888310e-09
1.075967746597371377e+00 6.515418537955792208e-09
1.080271617583760779e+00 6.862143947220205022e-09
1.084592704054095913e+00 7.121944417329113376e-09
1.088931074870312044e+00 7.489794112033037840e-09
1.093286799169793433e+00 7.836985191518076313e-09
1.097659946366472461e+00 8.271690238295534207e-09
1.102050586151938294e+00 8.648627659440683283e-09
1.106458788496546219e+00 9.102497931348786264e-09
1.110884623650532532e+00 9.620041453638824022e-09
1.115328162145134749e+00 9.911018052095187450e-09
1.119789474793714934e+00 1.040620952392992281e-08
1.124268632692889902e+00 1.080864392153338575e-08
1.128765707223661430e+00 1.132385055993418987e-08
1.133280770052556230e+00 1.182448528192097812e-08
1.137813893132766374e+00 1.292973191209474661e-08
1.142365148705297484e+00 1.345424289452127070e-08
1.146934609300118479e+00 1.348685201087395361e-08
1.151522347737319096e+00 1.393595381917043018e-08
1.156128437128268516e+00 1.467882025621267571e-08
1.160752950876781542e+00 1.544187564363152105e-08
1.165395962680288999e+00 1.595561255709440268e-08
1.170057546531009907e+00 1.678222656572345895e-08
1.174737776717134086e+00 1.745260444797104307e-08
1.179436727824002773e+00 1.853835781843262000e-08
1.184154474735298557e+00 1.931854424165776800e-08
1.188891092634239977e+00 1.997445224954184794e-08
1.193646657004777012e+00 2.070846068885364744e-08
1.198421243632796118e+00 2.222411624214467519e-08
1.203214928607327261e+00 2.285194301360769690e-08
1.208027788321756724e+00 2.359721900525746382e-08
1.212859899475043468e+00 2.467530776682286074e-08
1.217711339072943710e+00 2.547465160882485868e-08
1.222582184429235275e+00 2.669610022638679202e-08
1.227472513166952384e+00 2.751383502643776548e-08
1.232382403219620226e+00 2.877788343782858794e-08
1.237311932832498407e+00 3.002895559632288059e-08
1.242261180563828615e+00 3.219232719979205316e-08
1.247230225286083849e+00 3.286886825040089795e-08
1.252219146187228072e+00 3.445197289173726245e-08
1.257228022771976983e+00 3.558410343199574917e-08
1.262256934863064783e+00 3.707873521370129293e-08
1.267305962602517155e+00 3.824538790407160027e-08
1.272375186452927354e+00 3.984786829239708181e-08
1.277464687198738957e+00 4.135607522782660134e-08
1.282574545947533950e+00 4.320308323572072920e-08
1.287704844131324133e+00 4.528978016195451261e-08
1.292855663507849417e+00 4.712636143383062229e-08
1.298027086161880783e+00 4.849072577267751880e-08
1.303219194506528344e+00 5.027680825957771263e-08
1.308432071284554521e+00 5.246425388076693144e-08
1.313665799569692760e+00 5.405788664766545593e-08
1.318920462767971591e+00 5.608038028754553562e-08
1.324196144619043336e+00 5.880374474684391772e-08
1.329492929197519491e+00 6.182238310585780590e-08
1.334810900914309650e+00 6.753056578453101603e-08
1.340150144517967101e+00 7.038836002479328003e-08
1.345510745096038852e+00 7.316040778455832032e-08
1.350892788076423212e+00 7.558037133470041204e-08
1.356296359228728932e+00 7.866405312494030037e-08
1.361721544665643879e+00 8.133354697926094433e-08
1.367168430844306393e+00 8.373687741160154686e-08
1.372637104567683730e+00 8.624272079458378388e-08
1.378127652985954299e+00 8.908765333545765322e-08
1.383640163597898098e+00 9.246537152526928123e-08
1.389174724252289828e+00 9.720048819816947938e-08
1.394731423149298877e+00 1.014081263916692898e-07
1.400310348841896202e+00 1.055802576805740612e-07
1.405911590237263642e+00 1.090119681249317614e-07
1.411535236598212784e+00 1.147021954795556006e-07
1.417181377544605603e+00 1.196203643586544281e-07
1.422850103054784210e+00 1.230972479944855575e-07
1.428541503467003038e+00 1.283950646485172763e-07
1.434255669480871243e+00 1.318544759616010751e-07
1.439992692158794885e+00 1.361608488154388320e-07
1.445752662927429988e+00 1.400142371829559783e-07
1.451535673579139596e+00 1.452330415873841598e-07
1.457341816273456159e+00 1.495701894970703855e-07
1.463171183538549913e+00 1.558317908847495191e-07
1.469023868272704147e+00 1.620394801978732030e-07
1.474899963745795128e+00 1.663070192819152206e-07
1.480799563600778246e+00 1.716004503737739270e-07
1.486722761855181485e+00 1.779198103348240442e-07
1.492669652902602007e+00 1.819166412638064742e-07
1.498640331514212276e+00 1.872230293462615178e-07
1.504634892840269300e+00 1.976776574777860117e-07
1.510653432411630304e+00 1.976917111339553008e-07
1.516696046141276843e+00 2.032130054008615447e-07
1.522762830325842032e+00 2.079955746321764178e-07
1.528853881647145307e+00 2.137366812739916112e-07
1.534969297173733649e+00 2.209512102723474549e-07
1.541109174362428780e+00 2.276551763603799737e-07
1.547273611059878373e+00 2.330242142892778366e-07
1.553462705504118135e+00 2.390925172483579784e-07
1.559676556326134556e+00 2.464744344924102690e-07
1.565915262551438980e+00 2.516388137562764152e-07
1.572178923601644795e+00 2.596259353231004802e-07
1.578467639296051495e+00 2.641401376615676211e-07
1.584781509853235626e+00 2.698824025647966558e-07
1.591120635892648405e+00 2.774051128564620626e-07
1.597485118436219098e+00 2.826683742035014197e-07
1.603875058909963958e+00 2.902973143855839522e-07
1.610290559145603595e+00 2.978282276358418401e-07
1.616731721382186127e+00 3.178828629679007280e-07
1.623198648267714761e+00 3.145020874935732095e-07
1.629691442860785600e+00 3.188560435020524457e-07
1.636210208632228769e+00 3.251319766103322056e-07
1.642755049466757766e+00 3.345204484156453051e-07
1.649326069664624805e+00 3.430879057176318373e-07
1.655923373943283039e+00 3.516866384812917191e-07
1.662547067439056336e+00 3.623209636801440346e-07
1.669197255708812611e+00 3.716073323707286791e-07
1.675874044731648027e+00 3.819974802407766559e-07
1.682577540910574321e+00 3.944689058218867191e-07
1.689307851074216771e+00 4.084038359927700141e-07
1.696065082478513508e+00 4.227580059510304062e-07
1.702849342808427480e+00 4.384298544657435432e-07
1.709660740179661298e+00 4.660057699887459862e-07
1.716499383140379864e+00 4.817591125063775797e-07
1.723365380672941427e+00 4.966239487898182909e-07
1.730258842195633306e+00 5.148506367832406845e-07
1.737179877564415831e+00 5.428793453057757781e-07
1.744128597074673603e+00 5.625650709912345339e-07
1.751105111462972097e+00 5.875349083113665423e-07
1.758109531908824241e+00 6.205940885468326982e-07
1.765141970036459451e+00 6.435692780529570423e-07
1.772202537916605314e+00 6.735534165068910878e-07
1.779291348068271716e+00 7.100184388490814430e-07
1.786408513460544745e+00 7.354468489542278112e-07
1.793554147514387020e+00 7.678919417509745166e-07
1.800728364104444257e+00 7.928742590065554755e-07
1.807931277560862249e+00 8.321032260123031494e-07
1.815163002671105641e+00 8.442627235838673233e-07
1.822423654681789795e+00 8.759308643373433583e-07
1.829713349300517100e+00 9.073830319639114763e-07
1.837032202697718830e+00 9.304466889808358568e-07
1.844380331508509885e+00 9.898974268224584270e-07
1.851757852834543527e+00 1.022178900207460013e-06
1.859164884245881888e+00 1.101080048605283152e-06
1.866601543782865358e+00 1.077180118521825148e-06
1.874067949957996859e+00 1.124691084661294566e-06
1.881564221757828781e+00 1.134775661697230337e-06
1.889090478644860127e+00 1.156181468549888865e-06
1.896646840559439662e+00 1.179179577409659229e-06
1.904233427921677269e+00 1.206527818815318251e-06
1.911850361633363971e+00 1.225598605962314222e-06
1.919497763079897279e+00 1.273008072411633855e-06
1.927175754132217200e+00 1.331320535476477335e-06
1.934884457148745796e+00 1.341896193722842749e-06
1.942623994977340729e+00 1.449220729181550236e-06
1.950394490957250149e+00 1.450731534367252919e-06
1.958196068921079336e+00 1.435071990458168238e-06
1.966028853196763793e+00 1.462096506308204347e-06
1.973892968609550991e+00 1.588044479032433493e-06
1.981788540483989447e+00 1.652184806482801559e-06
1.989715694645925126e+00 1.687144686127832528e-06
1.997674557424508723e+00 1.669889653780664678e-06
2.005665255654207169e+00 1.712981473536772799e-06
2.013687916676823786e+00 1.765650584757359461e-06
2.021742668343530891e+00 1.801727845042748210e-06
2.029829639016905052e+00 1.857665607464289341e-06
2.037948957572972564e+00 1.904206639228712832e-06
2.046100753403264694e+00 1.955125750895178459e-06
2.054285156416877811e+00 1.978513931183462273e-06
2.062502297042545507e+00 2.045187375294584049e-06
2.070752306230715600e+00 2.078154276171607615e-06
2.079035315455638244e+00 2.123987622136216562e-06
2.087351456717461140e+00 2.179807776221971881e-06
2.095700862544330967e+00 2.217859548896082280e-06
2.104083665994508134e+00 2.247148422900336884e-06
2.112500000658485977e+00 2.287195363224055574e-06
2.120950000661120161e+00 2.328662909541066289e-06
2.129433800663764753e+00 2.394202923031225446e-06
2.137951535866419839e+00 2.425525906354805651e-06
2.146503342009885351e+00 2.442998583534965462e-06
2.155089355377924676e+00 2.491130877898102521e-06
2.163709712799436691e+00 2.520595108076703169e-06
2.172364551650634468e+00 2.568082094284242740e-06
2.181054009857236853e+00 2.617016674458182379e-06
2.189778225896665376e+00 2.655655981944409262e-06
2.198537338800252705e+00 2.689201622212130693e-06
2.207331488155453325e+00 2.795162615191747884e-06
2.216160814108075083e+00 2.771223340953473015e-06
2.225025457364507631e+00 2.833365083988132037e-06
2.233925559193965515e+00 2.869560637091423928e-06
2.242861261430741493e+00 2.907859365881000682e-06
2.251832706476463830e+00 2.962881096000969506e-06
2.260840037302370042e+00 3.052337748261521963e-06
2.269883397451579299e+00 3.074304268814275818e-06
2.278962931041386142e+00 3.145872020878275718e-06
2.288078782765551100e+00 3.190703618347401668e-06
2.297231097896613505e+00 3.516560639241101972e-06
2.306420022288200311e+00 3.444392496338760129e-06
2.315645702377353121e+00 3.520858601828197579e-06
2.324908285186861878e+00 3.836770943621109352e-06
2.334207918327609654e+00 3.812307367849535136e-06
2.343544750000919663e+00 3.847802246216727487e-06
2.352918929000923143e+00 4.151129729947090095e-06
2.362330604716927240e+00 4.159613804440242460e-06
2.371779927135795329e+00 4.166371736654043692e-06
2.381267046844337987e+00 4.484281675806919278e-06
2.390792115031715070e+00 4.602803484381941279e-06
2.400355283491842240e+00 4.661412240100148406e-06
2.409956704625809465e+00 4.917123317223989064e-06
2.419596531444312859e+00 5.105444488540163799e-06
2.429274917570089620e+00 5.233797093114271644e-06
2.438992017240370291e+00 5.432775227066493698e-06
2.448747985309331465e+00 5.706831597687543729e-06
2.458542977250568917e+00 5.897942387848242108e-06
2.468377149159570738e+00 6.016385298914566394e-06
2.478250657756209563e+00 6.441887343422690231e-06
2.488163660387234355e+00 6.514332558032627056e-06
2.498116315028783063e+00 6.656386633545275367e-06
2.508108780288898387e+00 7.029925381567126547e-06
2.518141215410053757e+00 7.154339663212646603e-06
2.528213780271693967e+00 7.433309531353789145e-06
2.538326635392781139e+00 7.608759759838540734e-06
2.548479941934351789e+00 7.720534682545037166e-06
2.558673861702089436e+00 7.921360995165417220e-06
2.568908557148898097e+00 7.951712663130921981e-06
2.579184191377493551e+00 8.302566471046974708e-06
2.589500928143003478e+00 8.224246912628470379e-06
2.599858931855575594e+00 8.291341833226925368e-06
2.610258367582998229e+00 8.343629534628663433e-06
2.620699401053329769e+00 8.527898388203352910e-06
2.631182198657543214e+00 8.608715263660545348e-06
2.641706927452173392e+00 8.703754695221246784e-06
2.652273755161981938e+00 8.674106793084077405e-06
2.662882850182629824e+00 8.729448489928335236e-06
2.673534381583360542e+00 9.151828818859624430e-06
2.684228519109693956e+00 9.254910138127171235e-06
2.694965433186132575e+00 9.668147604984378616e-06
2.705745294918877164e+00 9.760542397223306190e-06
2.716568276098552559e+00 1.010294228352234705e-05
2.727434549202946812e+00 1.055133262735981364e-05
2.738344287399758326e+00 1.079316801751529904e-05
2.749297664549357201e+00 1.097861548981161085e-05
2.760294855207554576e+00 1.109034639285576509e-05
2.771336034628385292e+00 1.147785047138531132e-05
2.782421378766898545e+00 1.175625723611625684e-05
2.793551064281966312e+00 1.186371486198959032e-05
2.804725268539093985e+00 1.232725416125199036e-05
2.815944169613250558e+00 1.271295245610231776e-05
2.827207946291703244e+00 1.252571335461586595e-05
2.838516778076869862e+00 1.308212781320886356e-05
2.849870845189177437e+00 1.333964251652421832e-05
2.861270328569933685e+00 1.324252684124787669e-05
2.872715409884213589e+00 1.366381426172142337e-05
2.884206271523750420e+00 1.380633857400758837e-05
2.895743096609845413e+00 1.383505747535350402e-05
2.907326068996284985e+00 1.456383314539445188e-05
2.918955373272270393e+00 1.456781762326314409e-05
2.930631194765359826e+00 1.480580466480168001e-05
2.942353719544420709e+00 1.536860834856335390e-05
2.954123134422598440e+00 1.528931387754906595e-05
2.965939626960289122e+00 1.575024438032328287e-05
2.977803385468130504e+00 1.570460113337377207e-05
2.989714599010003138e+00 1.623453712354207932e-05
3.001673457406043077e+00 1.634430625613628695e-05
3.013680151235667015e+00 1.650947638938305443e-05
3.025734871840609408e+00 1.724998103231273200e-05
3.037837811327972037e+00 1.678288360970505753e-05
3.049989162573283785e+00 1.753324098123069409e-05
3.062189119223576395e+00 1.731198088998913039e-05
3.074437875700470890e+00 1.781912087954368951e-05
3.086735627203272880e+00 1.812122012174373375e-05
3.099082569712085622e+00 1.811444453251427343e-05
3.111478899990933744e+00 1.866471705874524589e-05
3.123924815590897186e+00 1.860368200914125770e-05
3.136420514853261121e+00 1.894200748567938312e-05
3.148966196912674320e+00 1.914533244954455131e-05
3.161562061700325277e+00 1.926122824665845175e-05
3.174208309947126327e+00 1.974650896150054603e-05
3.186905143186915090e+00 1.945910214858131567e-05
3.199652763759662566e+00 2.038561335019121901e-05
3.212451374814701222e+00 1.977861862490869741e-05
3.225301180313960625e+00 2.033301566481673377e-05
3.238202385035215958e+00 2.049184557845057240e-05
3.251155194575356955e+00 2.057913010158368179e-05
3.264159815353658622e+00 2.077372584825406965e-05
3.277216454615073271e+00 2.104001987914428523e-05
3.290325320433533207e+00 2.121171412091119919e-05
3.303486621715267635e+00 2.123729996066990629e-05
3.316700568202128441e+00 2.166363953387030489e-05
3.329967370474937294e+00 2.144168637798108700e-05
3.343287239956836743e+00 2.208368766538508282e-05
3.356660388916663962e+00 2.203221026209663873e-05
3.370087030472330714e+00 2.216801244395492939e-05
3.383567378594220187e+00 2.248733632103555566e-05
3.397101648108596716e+00 2.252646264237753701e-05
3.410690054701031482e+00 2.287498132766409593e-05
3.424332814919834878e+00 2.289811156962245415e-05
3.438030146179514634e+00 2.317836256444722240e-05
3.451782266764232610e+00 2.329326364683426888e-05
3.465589395831289998e+00 2.343031072766667803e-05
3.479451753414614767e+00 2.368514764764071369e-05
3.493369560428273068e+00 2.408822620320774955e-05
3.507343038669985980e+00 2.389245817487403514e-05
3.521372410824665788e+00 2.450393275968219871e-05
3.535457900467964709e+00 2.451484443422625472e-05
3.549599732069836477e+00 2.473648622454914018e-05
3.563798130998116154e+00 2.498771387168515360e-05
3.578053323522108364e+00 2.516844343205527936e-05
3.592365536816196858e+00 2.535723531533270138e-05
3.606734998963461614e+00 2.559788911326857039e-05
3.621161938959315041e+00 2.588826938642981297e-05
3.635646586715152839e+00 2.610489450710125963e-05
3.650189173062013293e+00 2.630136490425277076e-05
3.664789929754260545e+00 2.651290017878007784e-05
3.679449089473277645e+00 2.683641227114496247e-05
3.694166885831170699e+00 2.705798215453831678e-05
3.708943553374495661e+00 2.713263184167674104e-05
3.723779327587993571e+00 2.740677529896311276e-05
3.738674444898345328e+00 2.781329594006854894e-05
3.753629142677938901e+00 2.778432656738456780e-05
3.768643659248651190e+00 2.823415265007110566e-05
3.783718233885645432e+00 2.825767484728798995e-05
3.798853106821188153e+00 2.862379022066031720e-05
3.814048519248473657e+00 2.883524352567269481e-05
3.829304713325467180e+00 2.943191557034891294e-05
3.844621932178768908e+00 2.948573328735957117e-05
3.860000419907484215e+00 2.964800513031632564e-05
3.875440421587113882e+00 3.011129186680223840e-05
3.890942183273462529e+00 3.046393658443302820e-05
3.906505952006555926e+00 3.073180439796611139e-05
3.922131975814582727e+00 3.104863541583717323e-05
3.937820503717840648e+00 3.145295029823901505e-05
3.953571785732711508e+00 3.202659230858754077e-05
3.969386072875642490e+00 3.232651532892061736e-05
3.985263617167145167e+00 3.305536754380753074e-05
4.001204671635814059e+00 3.334626893785934355e-05
4.017209490322357190e+00 3.363568854316025794e-05
4.033278328283646630e+00 3.431438706591513063e-05
4.049411441596781458e+00 3.503770836288383613e-05
4.065609087363168506e+00 3.535002676760053847e-05
4.081871523712622185e+00 3.641435188839073443e-05
4.098199009807472315e+00 3.640525328901489220e-05
4.114591805846702144e+00 3.700292084324452712e-05
4.131050173070089038e+00 3.756323260081008566e-05
4.147574373762369149e+00 3.764198089387129601e-05
4.164164671257418959e+00 3.864923476708010015e-05
4.180821329942449260e+00 3.879428761717781764e-05
4.197544615262219558e+00 3.915935459606028745e-05
4.214334793723269357e+00 3.995775444423870068e-05
4.231192132898162761e+00 3.971705939544206883e-05
4.248116901429755288e+00 4.112292069351804468e-05
4.265109369035473996e+00 4.146574117998359549e-05
4.282169806511615384e+00 4.154861138023452051e-05
4.299298485737661935e+00 4.399263406291925658e-05
4.316495679680612874e+00 4.395903121494405840e-05
4.333761662399335357e+00 4.467939406088088756e-05
4.351096709048932532e+00 4.617649645321347232e-05
4.368501095885127583e+00 4.717199818146888363e-05
4.385975100268668214e+00 4.775303305924869966e-05
4.403519000669743555e+00 4.902175035986596125e-05
4.421133076672422391e+00 4.991416803728144678e-05
4.438817608979111817e+00 5.071027743590472865e-05
4.456572879415028332e+00 5.109664544793904686e-05
4.474399170932688463e+00 5.277469671962629384e-05
4.492296767616419828e+00 5.276986992056167470e-05
4.510265954686884626e+00 5.300473177179831777e-05
4.528307018505633330e+00 5.453529824738600855e-05
4.546420246579655711e+00 5.457078579888539394e-05
4.564605927565974497e+00 5.576365272897024732e-05
4.582864351276237258e+00 5.540738576800296377e-05
4.601195808681342925e+00 5.662716379911974016e-05
4.619600591916067422e+00 5.659349395424339852e-05
4.638078994283731937e+00 5.715421750948296103e-05
4.656631310260867629e+00 5.724872096073028917e-05
4.675257835501911430e+00 5.845440545032355625e-05
4.693958866843916944e+00 5.830978803288244496e-05
4.712734702311292878e+00 5.923424557730506902e-05
4.731585641120538810e+00 5.941117968231547175e-05
4.750511983685020923e+00 5.981175183516184975e-05
4.769514031619761063e+00 6.128725284006688787e-05
4.788592087746240011e+00 6.176548485439161003e-05
4.807746456097224730e+00 6.200546637669241930e-05
4.826977441921613377e+00 6.249231386344907620e-05
4.846285351689299858e+00 6.303855003305152349e-05
4.865670493096057925e+00 6.383110541133193159e-05
4.885133175068442135e+00 6.462418429851264547e-05
4.904673707768715474e+00 6.547989885883446506e-05
4.924292402599791174e+00 6.551797070621601332e-05
4.943989572210189642e+00 6.675924724858987684e-05
4.963765530499030021e+00 6.810861690263670038e-05
4.983620592621027079e+00 6.708375428833015467e-05
5.003555074991511198e+00 6.889781216025677260e-05
5.023569295291476777e+00 7.029471551503588050e-05
5.043663572472643075e+00 6.889959790702718495e-05
5.063838226762532813e+00 7.066532213800881556e-05
5.084093579669583640e+00 7.158675041242900240e-05
5.104429953988261381e+00 7.148202710357873095e-05
5.124847673804215020e+00 7.256764994676320984e-05
5.145347064499431688e+00 7.202453099291523291e-05
5.165928452757428957e+00 7.415370094414656336e-05
5.186592166568458673e+00 7.309315721184097073e-05
5.207338535234733001e+00 7.530302172356838602e-05
5.228167889375671784e+00 7.446719126505910592e-05
5.249080560933174766e+00 7.629171038252432167e-05
5.270076883176907145e+00 7.575397401161874651e-05
5.291157190709615321e+00 7.698313390943083059e-05
5.312321819472453299e+00 7.684369086185049796e-05
5.333571106750343738e+00 7.753933735970201357e-05
5.354905391177344320e+00 7.858389471252565529e-05
5.376325012742054099e+00 7.851729817930578465e-05
5.397830312793021612e+00 7.900085405326929080e-05
5.419421634044193858e+00 8.114114567660738852e-05
5.441099320580370602e+00 8.012261087562343133e-05
5.462863717862692425e+00 8.146258300044170579e-05
5.484715172734142996e+00 8.150410052531831880e-05
5.506654033425078865e+00 8.154084658187169834e-05
5.528680649558780580e+00 8.333538868941095328e-05
5.550795372157015350e+00 8.377734046452706227e-05
5.572998553645643227e+00 8.432060562071295442e-05
5.595290547860225949e+00 8.341983521327654629e-05
5.617671710051667766e+00 8.521231094887791676e-05
5.640142396891874021e+00 8.496580494471306778e-05
5.662702966479441713e+00 8.566017428406332642e-05
5.685353778345359821e+00 8.733028480233108427e-05
5.708095193458740724e+00 8.702006386695690637e-05
5.730927574232576482e+00 8.879952319775320302e-05
5.753851284529505783e+00 8.687739189176609694e-05
5.776866689667624399e+00 8.884779019651955774e-05
5.799974156426294769e+00 8.830643630446516335e-05
5.823174053051999977e+00 9.043702789640423666e-05
5.846466749264207508e+00 9.086730438186001754e-05
5.869852616261264977e+00 9.016518350487179485e-05
5.893332026726310069e+00 9.138192735187260468e-05
5.916905354833215114e+00 9.088857524400745854e-05
5.940572976252548543e+00 9.241312203354900797e-05
5.964335268157558545e+00 9.226896365960474166e-05
5.988192609230189589e+00 9.317922596230283428e-05
6.012145379667110490e+00 9.255852512820189918e-05
6.036193961185778889e+00 9.539066524242431817e-05
6.060338737030522616e+00 9.421059442113422985e-05
6.084580091978644134e+00 9.346678447390005388e-05
6.108918412346558746e+00 9.616014111560092204e-05
6.133354085995945226e+00 9.417585986162702190e-05
6.157887502339929320e+00 9.527765295285613395e-05
6.182519052349287669e+00 9.692775525833276435e-05
6.207249128558685491e+00 9.662950588954648029e-05
6.232078125072920471e+00 9.682804555841508821e-05
6.257006437573212843e+00 9.839117738217417568e-05
6.282034463323505236e+00 9.878443136857305859e-05
6.307162601176800720e+00 9.914411285570710452e-05
6.332391251581507063e+00 9.981413128911102890e-05
6.357720816587833390e+00 1.010379868198226904e-04
6.383151699854184180e+00 1.026457120284670883e-04
6.408684306653601226e+00 1.042145678955812841e-04
6.434319043880215361e+00 1.047563932501880264e-04
6.460056320055736379e+00 1.084866037505629628e-04
6.485896545335958052e+00 1.125159138262463388e-04
6.511840131517302233e+00 1.118943265542235454e-04
6.537887492043371829e+00 1.146923165999385051e-04
6.564039042011545533e+00 1.167690650385788990e-04
6.590295198179591196e+00 1.191672597740310818e-04
6.616656378972309405e+00 1.192865029012270056e-04
6.643123004488199257e+00 1.221475387859902639e-04
6.669695496506150789e+00 1.221763351040096627e-04
6.696374278492176479e+00 1.236641095890929549e-04
6.723159775606144528e+00 1.218811500095010172e-04
6.750052414708568094e+00 1.234245301241916853e-04
6.777052624367403411e+00 1.271539642931555729e-04
6.804160834864871887e+00 1.257009310518764035e-04
6.831377478204331055e+00 1.273510810315927255e-04
6.858702988117148180e+00 1.258534481754422496e-04
6.886137800069615622e+00 1.275220460427146474e-04
6.913682351269895499e+00 1.291577014148719547e-04
6.941337080674975013e+00 1.286486975989432435e-04
6.969102428997675069e+00 1.289694846490558233e-04
6.996978838713665994e+00 1.292411493900295265e-04
7.024966754068519670e+00 1.296589812755061613e-04
7.053066621084793653e+00 1.305850406671159531e-04
7.081278887569133929e+00 1.315971347578830553e-04
7.109604003119409654e+00 1.343608479324016826e-04
7.138042419131887861e+00 1.322420079487631199e-04
7.166594588808414379e+00 1.323328407609888305e-04
7.195260967163648047e+00 1.339484541935597145e-04
7.224042011032302923e+00 1.345355163146141084e-04
7.252938179076432235e+00 1.351633975885756353e-04
7.281949931792737196e+00 1.349344776261730881e-04
7.311077731519908696e+00 1.359444229408387486e-04
7.340322042445988515e+00 1.370361269802881758e-04
7.369683330615771411e+00 1.380953165875107626e-04
7.399162063938235612e+00 1.357755773023140873e-04
7.428758712193988423e+00 1.399283247363200750e-04
7.458473747042765112e+00 1.376829659230245086e-04
7.488307642030935796e+00 1.390038107475823612e-04
7.518260872599060285e+00 1.410560113916575547e-04
7.548333916089456253e+00 1.389453064455743118e-04
7.578527251753813587e+00 1.421527084115979818e-04
7.608841360760829176e+00 1.450137596998905766e-04
7.639276726203872769e+00 1.427345757698264485e-04
7.669833833108687493e+00 1.452101117446282809e-04
7.700513168441122325e+00 1.439421682804864543e-04
7.731315221114887670e+00 1.456814498040740499e-04
7.762240481999347352e+00 1.472721440514238879e-04
7.793289443927344351e+00 1.463943069686850847e-04
7.824462601703054077e+00 1.454859869036703246e-04
7.855760452109866065e+00 1.476478454646793772e-04
7.887183493918306532e+00 1.515421402173692980e-04
7.918732227893980458e+00 1.494487024771584162e-04
7.950407156805555431e+00 1.502160716016423937e-04
7.982208785432777454e+00 1.537866808645288409e-04
8.014137620574508958e+00 1.511849600840562368e-04
8.046194171056805899e+00 1.539814109996388381e-04
8.078378947741034821e+00 1.543421024774202608e-04
8.110692463531997021e+00 1.565649544204435976e-04
8.143135233386125549e+00 1.554546167405765702e-04
8.175707774319670662e+00 1.552824099497755912e-04
8.208410605416949224e+00 1.587682860216929517e-04
8.241244247838615422e+00 1.567363933912569189e-04
8.274209224829968790e+00 1.606964536650785339e-04
8.307306061729288871e+00 1.588883516959298801e-04
8.340535285976207192e+00 1.612591982079022079e-04
8.373897427120111203e+00 1.635305549957638928e-04
8.407393016828594412e+00 1.605718334931531088e-04
8.441022588895906509e+00 1.637369518874061565e-04
8.474786679251490540e+00 1.617944915755620652e-04
8.508685825968495209e+00 1.649835138578355980e-04
8.542720569272368891e+00 1.640274016895781591e-04
8.576891451549458978e+00 1.659323322593285672e-04
8.611199017355655627e+00 1.647117214181474448e-04
8.645643813425078150e+00 1.646728153054658925e-04
8.680226388678779159e+00 1.662996453497184765e-04
8.714947294233493125e+00 1.660676230767550883e-04
8.749807083410427566e+00 1.701702700269929586e-04
8.784806311744070229e+00 1.674458145729521474e-04
8.819945536991047774e+00 1.685332788613692521e-04
8.855225319139009343e+00 1.698804984865554121e-04
8.890646220415566958e+00 1.678616720931867931e-04
8.926208805297228821e+00 1.681948089440105825e-04
8.961913640518417878e+00 1.715234839427864564e-04
8.997761295080492161e+00 1.696061881289648960e-04
9.033752340260813085e+00 1.694948368745839685e-04
9.069887349621856387e+00 1.703123614892715864e-04
9.106166899020346150e+00 1.715125058416397006e-04
9.142591566616424359e+00 1.711684839074705975e-04
9.179161932882891506e+00 1.714442260304918024e-04
9.215878580614422333e+00 1.729389102640850585e-04
9.252742094936881045e+00 1.745850567941485904e-04
9.289753063316627646e+00 1.735868657560543996e-04
9.326912075569895322e+00 1.756661065318003575e-04
9.364219723872173162e+00 1.729249468846028438e-04
9.401676602767663482e+00 1.769094969503539380e-04
9.439283309178733816e+00 1.769448218992495379e-04
9.477040442415447075e+00 1.760281181184394840e-04
9.514948604185111236e+00 1.774367745096658744e-04
9.553008398601852136e+00 1.758353036732758425e-04
9.591220432196260859e+00 1.789275803221625335e-04
9.629585313925044687e+00 1.799572898417429849e-04
9.668103655180747324e+00 1.801715160213043744e-04
9.706776069801470896e+00 1.806565452840931197e-04
9.745603174080676112e+00 1.798228179818539367e-04
9.784585586776998412e+00 1.801673583915513652e-04
9.823723929124106746e+00 1.822236002497424007e-04
9.863018824840601440e+00 1.823830844802921112e-04
9.902470900139965337e+00 1.878769696151910229e-04
9.942080783740523842e+00 1.839954921653017071e-04
9.981849106875488431e+00 1.860096673413404731e-04
1.002177650330298952e+01 1.851354786591883576e-04
1.006186360931619994e+01 1.874907844124958230e-04
1.010211106375346723e+01 1.891733388979117405e-04
1.014251950800847979e+01 1.886568764358608071e-04
1.018308958604051284e+01 1.875816259549121763e-04
1.022382194438467451e+01 1.904693507625599975e-04
1.026471723216221399e+01 1.905272206480363958e-04
1.030577610109086173e+01 1.924495268395798829e-04
1.034699920549522467e+01 1.936906790635702644e-04
1.038838720231720458e+01 1.936160018196333629e-04
1.042994075112647501e+01 1.944818146238362253e-04
1.047166051413097954e+01 1.953347154595797073e-04
1.051354715618750468e+01 1.965674862619923183e-04
1.055560134481225454e+01 1.974985562704458289e-04
1.059782375019150358e+01 1.988477303356308548e-04
1.064021504519226902e+01 1.977169458524564321e-04
1.068277590537303823e+01 1.976650554430195862e-04
1.072550700899452991e+01 2.024843304229146236e-04
1.076840903703050856e+01 2.024069400324641685e-04
1.081148267317863088e+01 2.020265556891469121e-04
1.085472860387134553e+01 1.986201917215584347e-04
1.089814751828683015e+01 2.062435156650288765e-04
1.094174010835997635e+01 2.042179217325379784e-04
1.098550706879341909e+01 2.081787495813231166e-04
1.102944909706859100e+01 2.075878323145039287e-04
1.107356689345686540e+01 2.073149837144035558e-04
1.111786116103069233e+01 2.091049941277224936e-04
1.116233260567481622e+01 2.089753286186035719e-04
1.120698193609751492e+01 2.119412845967664507e-04
1.125180986384190440e+01 2.107201454521148048e-04
1.129681710329727373e+01 2.122552248551345998e-04
1.134200437171046083e+01 2.115836699987728759e-04
1.138737238919730466e+01 2.127303784750573970e-04
1.143292187875409383e+01 2.151650285819350678e-04
1.147865356626910938e+01 2.141751290891827993e-04
1.152456818053418530e+01 2.165032095077584697e-04
1.157066645325632237e+01 2.178249967522272580e-04
1.161694911906934635e+01 2.182785403240753851e-04
1.166341691554562487e+01 2.170830198903576393e-04
1.171007058320780736e+01 2.201174491803945194e-04
1.175691086554063958e+01 2.230473921769145131e-04
1.180393850900279951e+01 2.208672469441637376e-04
1.185115426303881137e+01 2.232908867102545772e-04
1.189855888009096674e+01 2.210573553168242026e-04
1.194615311561133097e+01 2.225003520086442528e-04
1.199393772807377623e+01 2.229452732954196074e-04
1.204191347898607134e+01 2.234377345252564775e-04
1.209008113290201614e+01 2.244586338408902809e-04
1.213844145743362368e+01 2.260082918819974486e-04
1.218699522326335938e+01 2.250093235251758876e-04
1.223574320415641381e+01 2.271245195974744648e-04
1.228468617697303777e+01 2.246230558193781663e-04
1.233382492168093059e+01 2.297073359156185919e-04
1.238316022136765504e+01 2.279862950026474006e-04
1.243269286225312520e+01 2.341122492182136632e-04
1.248242363370213859e+01 2.285235213975457243e-04
1.253235332823694748e+01 2.321096746765804553e-04
1.258248274154989410e+01 2.304621613497462979e-04
1.263281267251609385e+01 2.311403275057513185e-04
1.268334392320615756e+01 2.345813704142702565e-04
1.273407729889898299e+01 2.289177371405990802e-04
1.278501360809457665e+01 2.365591959149474692e-04
1.283615366252695544e+01 2.369917970425733887e-04
1.288749827717706253e+01 2.328665648295450091e-04
1.293904827028577031e+01 2.395226634779732604e-04
1.299080446336691352e+01 2.349596345506264514e-04
1.304276768122038099e+01 2.380670237017433770e-04
1.309493875194526424e+01 2.367325793241119801e-04
1.314731850695304693e+01 2.398900499873779610e-04
1.319990778098085649e+01 2.399329159498752109e-04
1.325270741210477965e+01 2.408699669935849511e-04
1.330571824175319939e+01 2.418864563306019622e-04
1.335894111472021173e+01 2.427713233728095109e-04
1.341237687917909227e+01 2.403678619436415268e-04
1.346602638669580898e+01 2.457830749125890593e-04
1.351989049224258999e+01 2.410742798983495907e-04
1.357397005421156067e+01 2.450084711486652305e-04
1.362826593442840917e+01 2.444021058220325151e-04
1.368277899816612297e+01 2.439585722779446348e-04
1.373751011415878942e+01 2.491282588824442266e-04
1.379246015461542463e+01 2.449283180762764690e-04
1.384762999523388416e+01 2.493040790144277017e-04
1.390302051521481808e+01 2.439836462481188460e-04
1.395863259727567751e+01 2.471893660024010561e-04
1.401446712766477987e+01 2.495450022162799993e-04
1.407052499617543972e+01 2.454487423895400865e-04
1.412680709616014063e+01 2.530565705117450892e-04
1.418331432454478147e+01 2.558951292648057978e-04
1.424004758184296193e+01 2.504104038450315358e-04
1.429700777217033369e+01 2.481639579574086859e-04
1.435419580325901379e+01 2.540523551412933261e-04
1.441161258647204946e+01 2.520472265141543650e-04
1.446925903681793812e+01 2.576403149974160157e-04
1.452713607296521126e+01 2.527566150819537710e-04
1.458524461725707155e+01 2.540660928309026361e-04
1.464358559572609764e+01 2.579164709250730955e-04
1.470215993810900557e+01 2.597820000609124438e-04
1.476096857786143879e+01 2.532103873461963740e-04
1.482001245217288599e+01 2.560907091952418081e-04
1.487929250198157760e+01 2.586475951413576692e-04
1.493880967198950316e+01 2.590716522137487612e-04
1.499856491067746056e+01 2.604691844527474986e-04
1.505855917032016933e+01 2.578209827628197130e-04
1.511879340700144958e+01 2.605021047671106436e-04
1.517926858062945605e+01 2.612979193847825136e-04
1.523998565495197433e+01 2.591862143552949157e-04
1.530094559757178274e+01 2.628942196074060523e-04
1.536214937996206764e+01 2.643874607833314547e-04
1.542359797748191674e+01 2.638695543216524535e-04
1.548529236939184450e+01 2.622014741554442295e-04
1.554723353886941339e+01 2.665573438030434373e-04
1.560942247302489072e+01 2.615195981440088658e-04
1.567186016291699069e+01 2.647809711056445161e-04
1.573454760356865556e+01 2.672243487561928583e-04
1.579748579398293096e+01 2.646329310113832724e-04
1.586067573715886247e+01 2.663191839224424303e-04
1.592411844010749888e+01 2.642696382524543333e-04
1.598781491386792730e+01 2.726767850864802176e-04
1.605176617352340074e+01 2.683249698800680913e-04
1.611597323821749228e+01 2.717300462413063862e-04
1.618043713117036120e+01 2.715321326892728196e-04
1.624515887969504391e+01 2.736632547465342501e-04
1.631013951521382310e+01 2.681893529552707538e-04
1.637538007327468037e+01 2.666673977128578184e-04
1.644088159356778078e+01 2.686881688673600907e-04
1.650664511994205341e+01 2.740936589485064843e-04
1.657267170042182158e+01 2.753564372170872799e-04
1.663896238722350418e+01 2.770326355412093674e-04
1.670551823677240222e+01 2.729838587996035056e-04
1.677234030971949608e+01 2.699823863011853128e-04
1.683942967095837062e+01 2.742466205673334311e-04
1.690678738964220429e+01 2.748586997927006783e-04
1.697441453920077237e+01 2.737089410124103573e-04
1.704231219735757108e+01 2.691073280101297831e-04
1.711048144614700561e+01 2.805865526447600734e-04
1.717892337193159236e+01 2.753379993867692056e-04
1.724763906541932101e+01 2.807946936382385442e-04
1.731662962168099895e+01 2.806006388548570808e-04
1.738589614016772344e+01 2.802651432906785585e-04
1.745543972472839300e+01 2.761440989409129484e-04
1.752526148362730751e+01 2.785497396109017174e-04
1.759536252956181812e+01 2.820741001650793525e-04
1.766574397968006238e+01 2.820278698731015711e-04
1.773640695559878466e+01 2.812836046107029852e-04
1.780735258342117433e+01 2.794914444077800371e-04
1.787858199375486024e+01 2.777138197233005386e-04
1.795009632172988034e+01 2.826217879410122856e-04
1.802189670701679702e+01 2.801574655764430747e-04
1.809398429384486562e+01 2.824886097621760370e-04
1.816636023102024211e+01 2.916647296591195473e-04
1.823902567194432578e+01 2.803187373293209664e-04
1.831198177463210186e+01 2.821039900926036259e-04
1.838522970173062987e+01 2.839522601599096959e-04
1.845877062053754969e+01 2.817346382508936612e-04
1.853260570301970134e+01 2.911451750571599352e-04
1.860673612583178027e+01 2.915475901306168100e-04
1.868116307033510637e+01 2.865213104498705397e-04
1.875588772261644976e+01 2.875611235457339529e-04
1.883091127350691352e+01 2.841645803928768239e-04
1.890623491860094063e+01 2.874917879086783673e-04
1.898185985827534594e+01 2.898488223810547957e-04
1.905778729770844748e+01 2.842220622125091146e-04
1.913401844689928311e+01 2.823605886370629211e-04
1.921055452068688041e+01 2.958488843483855681e-04
1.928739673876962968e+01 2.870231815114946566e-04
1.936454632572470658e+01 2.880848399537224358e-04
1.944200451102760141e+01 2.957578382803460249e-04
1.951977252907171589e+01 2.848110664246088631e-04
1.959785161918800256e+01 2.960636207740368307e-04
1.967624302566475691e+01 2.931860301396524600e-04
1.991079942767366973e+01 2.916009475903755645e-04
