2.1732516190000001e+03	6.7647000000000002e-01
2.1741635449999999e+03	6.7688000000000004e-01
2.1750762359999999e+03	6.7723999999999995e-01
2.1759896950000002e+03	6.7757000000000001e-01
2.1769039200000002e+03	6.7786000000000002e-01
2.1778189139999999e+03	6.7815999999999999e-01
2.1787299309999999e+03	6.7847000000000002e-01
2.1796464609999998e+03	6.7874999999999996e-01
2.1805637630000001e+03	6.7900000000000005e-01
2.1814818369999998e+03	6.7920999999999998e-01
2.1824006840000002e+03	6.7940000000000000e-01
2.1833203060000001e+03	6.7957999999999996e-01
2.1842407029999999e+03	6.7976000000000003e-01
2.1851571020000001e+03	6.7995000000000005e-01
2.1860790489999999e+03	6.8013999999999997e-01
2.1870017739999998e+03	6.8030999999999997e-01
2.1879252780000002e+03	6.8045999999999995e-01
2.1888495630000002e+03	6.8061000000000005e-01
2.1897698329999998e+03	6.8079000000000001e-01
2.1906956770000002e+03	6.8101000000000000e-01
2.1916223049999999e+03	6.8128000000000000e-01
2.1925497160000000e+03	6.8161000000000005e-01
2.1934779130000002e+03	6.8198000000000003e-01
2.1944068960000000e+03	6.8235999999999997e-01
2.1953366660000002e+03	6.8272999999999995e-01
2.1962624010000000e+03	6.8306000000000000e-01
2.1971937440000002e+03	6.8335000000000001e-01
2.1981258779999998e+03	6.8362000000000001e-01
2.1990588029999999e+03	6.8386999999999998e-01
2.1999925199999998e+03	6.8408999999999998e-01
2.2009270299999998e+03	6.8428999999999995e-01
2.2018623349999998e+03	6.8447000000000002e-01
2.2027935830000001e+03	6.8461000000000005e-01
2.2037304749999998e+03	6.8474000000000002e-01
2.2046681640000002e+03	6.8491000000000002e-01
2.2056066519999999e+03	6.8513000000000002e-01
2.2065459390000001e+03	6.8540999999999996e-01
2.2074860269999999e+03	6.8574000000000002e-01
2.2084269150000000e+03	6.8606999999999996e-01
2.2093637250000002e+03	6.8635000000000002e-01
2.2103062159999999e+03	6.8662000000000001e-01
2.2112495110000000e+03	6.8683000000000005e-01
2.2121936110000001e+03	6.8698000000000004e-01
2.2131385180000002e+03	6.8716999999999995e-01
2.2140842330000000e+03	6.8742999999999999e-01
2.2150258490000001e+03	6.8772999999999995e-01
2.2159731780000002e+03	6.8806000000000000e-01
2.2169213169999998e+03	6.8842999999999999e-01
2.2178702680000001e+03	6.8876000000000004e-01
2.2188200320000001e+03	6.8899999999999995e-01
2.2197706090000001e+03	6.8918000000000001e-01
2.2207220010000001e+03	6.8932000000000004e-01
2.2216692730000000e+03	6.8945000000000001e-01
2.2226222939999998e+03	6.8960999999999995e-01
2.2235761330000000e+03	6.8983000000000005e-01
2.2245307910000001e+03	6.9011000000000000e-01
2.2254862690000000e+03	6.9040999999999997e-01
2.2264425679999999e+03	6.9072000000000000e-01
2.2273996889999999e+03	6.9101999999999997e-01
2.2283526680000000e+03	6.9127000000000005e-01
2.2293114329999999e+03	6.9149000000000005e-01
2.2302710229999998e+03	6.9167000000000001e-01
2.2312314390000001e+03	6.9182999999999995e-01
2.2321926830000002e+03	6.9196000000000002e-01
2.2331547550000000e+03	6.9206999999999996e-01
2.2341176580000001e+03	6.9218999999999997e-01
2.2350763950000000e+03	6.9230000000000003e-01
2.2360409549999999e+03	6.9242999999999999e-01
2.2370063489999998e+03	6.9257999999999997e-01
2.2379725760000001e+03	6.9274999999999998e-01
2.2389396379999998e+03	6.9294000000000000e-01
2.2399075370000000e+03	6.9313999999999998e-01
2.2408762720000000e+03	6.9333999999999996e-01
2.2418408199999999e+03	6.9355000000000000e-01
2.2428112289999999e+03	6.9379999999999997e-01
2.2437824790000000e+03	6.9408000000000003e-01
2.2447545700000001e+03	6.9435000000000002e-01
2.2457275030000001e+03	6.9462000000000002e-01
2.2466962330000001e+03	6.9484000000000001e-01
2.2476708509999999e+03	6.9494000000000000e-01
2.2486463150000000e+03	6.9499000000000000e-01
2.2496226259999999e+03	6.9501000000000002e-01
2.2505997849999999e+03	6.9503000000000004e-01
2.2515777929999999e+03	6.9508000000000003e-01
2.2525566520000002e+03	6.9520000000000004e-01
2.2535312840000001e+03	6.9535999999999998e-01
2.2545118419999999e+03	6.9554000000000005e-01
2.2554932540000000e+03	6.9572000000000001e-01
2.2564755209999998e+03	6.9588000000000005e-01
2.2574586429999999e+03	6.9603000000000004e-01
2.2584426229999999e+03	6.9616000000000000e-01
2.2594274610000002e+03	6.9628000000000001e-01
2.2604080490000001e+03	6.9640999999999997e-01
2.2613946019999998e+03	6.9657000000000002e-01
2.2623820169999999e+03	6.9672999999999996e-01
2.2633702939999998e+03	6.9686000000000003e-01
2.2643594349999998e+03	6.9698000000000004e-01
2.2653494409999998e+03	6.9706999999999997e-01
2.2663403140000000e+03	6.9715000000000005e-01
2.2673269120000000e+03	6.9723000000000002e-01
2.2683195150000001e+03	6.9735000000000003e-01
2.2693129880000001e+03	6.9750000000000001e-01
2.2703073319999999e+03	6.9764999999999999e-01
2.2713025469999998e+03	6.9779000000000002e-01
2.2722986350000001e+03	6.9791000000000003e-01
2.2732955969999998e+03	6.9801999999999997e-01
2.2742882610000001e+03	6.9811000000000001e-01
2.2752869710000000e+03	6.9821999999999995e-01
2.2762865569999999e+03	6.9835000000000003e-01
2.2772870220000000e+03	6.9849000000000006e-01
2.2782883680000000e+03	6.9864000000000004e-01
2.2792905940000001e+03	6.9879000000000002e-01
2.2802885019999999e+03	6.9894000000000001e-01
2.2812924889999999e+03	6.9911000000000001e-01
2.2822973609999999e+03	6.9928999999999997e-01
2.2833031179999998e+03	6.9947000000000004e-01
2.2843097619999999e+03	6.9964999999999999e-01
2.2853172930000001e+03	6.9982000000000000e-01
2.2863257149999999e+03	6.9994999999999996e-01
2.2873297940000002e+03	7.0006000000000002e-01
2.2883399920000002e+03	7.0013999999999998e-01
2.2893510830000000e+03	7.0023000000000002e-01
2.2903630680000001e+03	7.0033000000000001e-01
2.2913759479999999e+03	7.0043999999999995e-01
2.2923897250000000e+03	7.0055999999999996e-01
2.2934043980000001e+03	7.0069999999999999e-01
2.2944147060000000e+03	7.0084999999999997e-01
2.2954311739999998e+03	7.0103000000000004e-01
2.2964485420000001e+03	7.0123999999999997e-01
2.2974668130000000e+03	7.0147000000000004e-01
2.2984859870000000e+03	7.0167999999999997e-01
2.2995060659999999e+03	7.0186000000000004e-01
2.3005270510000000e+03	7.0198000000000005e-01
2.3015436450000002e+03	7.0206000000000002e-01
2.3025664409999999e+03	7.0211999999999997e-01
2.3035901450000001e+03	7.0220000000000005e-01
2.3046147609999998e+03	7.0230000000000004e-01
2.3056402880000001e+03	7.0242000000000004e-01
2.3066614070000001e+03	7.0252000000000003e-01
2.3076887569999999e+03	7.0260000000000000e-01
2.3087170230000002e+03	7.0267000000000002e-01
2.3097462049999999e+03	7.0272999999999997e-01
2.3107763049999999e+03	7.0281000000000005e-01
2.3118073250000002e+03	7.0289999999999997e-01
2.3128392650000001e+03	7.0298000000000005e-01
2.3138667719999999e+03	7.0303000000000004e-01
2.3149005520000001e+03	7.0304000000000000e-01
2.3159352560000002e+03	7.0304999999999995e-01
2.3169708850000002e+03	7.0306000000000002e-01
2.3180074410000002e+03	7.0311999999999997e-01
2.3190449250000001e+03	7.0323000000000002e-01
2.3200833370000000e+03	7.0338999999999996e-01
2.3211172929999998e+03	7.0355000000000001e-01
2.3221575630000002e+03	7.0369000000000004e-01
2.3231987660000000e+03	7.0379999999999998e-01
2.3242409029999999e+03	7.0387000000000000e-01
2.3252839749999998e+03	7.0394000000000001e-01
2.3263279840000000e+03	7.0404000000000000e-01
2.3273729309999999e+03	7.0418000000000003e-01
2.3284133959999999e+03	7.0435000000000003e-01
2.3294602169999998e+03	7.0450999999999997e-01
2.3305079810000002e+03	7.0465999999999995e-01
2.3315566869999998e+03	7.0477000000000001e-01
2.3326063380000001e+03	7.0482999999999996e-01
2.3336569340000001e+03	7.0489000000000002e-01
2.3347084770000001e+03	7.0494000000000001e-01
2.3357555120000002e+03	7.0499000000000001e-01
2.3368089470000000e+03	7.0504000000000000e-01
2.3378633329999998e+03	7.0508000000000004e-01
2.3389186709999999e+03	7.0511999999999997e-01
2.3399749619999998e+03	7.0513999999999999e-01
2.3410322080000001e+03	7.0516000000000001e-01
2.3420849239999998e+03	7.0521999999999996e-01
2.3431440779999998e+03	7.0530000000000004e-01
2.3442041899999999e+03	7.0538999999999996e-01
2.3452652610000000e+03	7.0550000000000002e-01
2.3463272940000002e+03	7.0562000000000002e-01
2.3473902889999999e+03	7.0570999999999995e-01
2.3484487319999998e+03	7.0577999999999996e-01
2.3495136510000002e+03	7.0586000000000004e-01
2.3505795349999999e+03	7.0594000000000001e-01
2.3516463880000001e+03	7.0601000000000003e-01
2.3527142090000002e+03	7.0606999999999998e-01
2.3537829999999999e+03	7.0615000000000006e-01
2.3548527629999999e+03	7.0621999999999996e-01
2.3559179479999998e+03	7.0628999999999997e-01
2.3569896530000001e+03	7.0637000000000005e-01
2.3580623329999999e+03	7.0648000000000000e-01
2.3591359900000002e+03	7.0662999999999998e-01
2.3602106250000002e+03	7.0676000000000005e-01
2.3612862399999999e+03	7.0687000000000000e-01
2.3623628349999999e+03	7.0696999999999999e-01
2.3634348270000000e+03	7.0703000000000005e-01
2.3645133830000000e+03	7.0706000000000002e-01
2.3655929240000000e+03	7.0709999999999995e-01
2.3666734510000001e+03	7.0718999999999999e-01
2.3677549660000000e+03	7.0728000000000002e-01
2.3688374690000001e+03	7.0738999999999996e-01
2.3699153470000001e+03	7.0752000000000004e-01
2.3709998270000001e+03	7.0762999999999998e-01
2.3720853000000002e+03	7.0770999999999995e-01
2.3731717680000002e+03	7.0779000000000003e-01
2.3742592310000000e+03	7.0786000000000004e-01
2.3753476919999998e+03	7.0789999999999997e-01
2.3764371500000002e+03	7.0794000000000001e-01
2.3775219560000000e+03	7.0801000000000003e-01
2.3786134109999998e+03	7.0806999999999998e-01
2.3797058680000000e+03	7.0813999999999999e-01
2.3807993299999998e+03	7.0821000000000001e-01
2.3818937959999998e+03	7.0828000000000002e-01
2.3829892690000001e+03	7.0833999999999997e-01
2.3840857510000001e+03	7.0840999999999998e-01
2.3851775530000000e+03	7.0848000000000000e-01
2.3862760490000001e+03	7.0855000000000001e-01
2.3873755580000002e+03	7.0862000000000003e-01
2.3884760809999998e+03	7.0869000000000004e-01
2.3895776179999998e+03	7.0872999999999997e-01
2.3906801719999999e+03	7.0874999999999999e-01
2.3917837439999998e+03	7.0874999999999999e-01
2.3928826100000001e+03	7.0874999999999999e-01
2.3939882170000001e+03	7.0874000000000004e-01
2.3950948460000000e+03	7.0874000000000004e-01
2.3962024980000001e+03	7.0874000000000004e-01
2.3973111760000002e+03	7.0872999999999997e-01
2.3984208800000001e+03	7.0870999999999995e-01
2.3995316109999999e+03	7.0867000000000002e-01
2.4006376089999999e+03	7.0860999999999996e-01
2.4017503959999999e+03	7.0855000000000001e-01
2.4028642140000002e+03	7.0848999999999995e-01
2.4039790659999999e+03	7.0843000000000000e-01
2.4050949529999998e+03	7.0838000000000001e-01
2.4062118770000002e+03	7.0833999999999997e-01
2.4073240430000001e+03	7.0831999999999995e-01
2.4084430379999999e+03	7.0831999999999995e-01
2.4095630740000001e+03	7.0833999999999997e-01
2.4106841519999998e+03	7.0838999999999996e-01
2.4118062740000000e+03	7.0845999999999998e-01
2.4129294410000002e+03	7.0852999999999999e-01
2.4140478269999999e+03	7.0857999999999999e-01
2.4151730830000001e+03	7.0859000000000005e-01
2.4162993889999998e+03	7.0857999999999999e-01
2.4174267460000001e+03	7.0852999999999999e-01
2.4185551550000000e+03	7.0845000000000002e-01
2.4196846179999998e+03	7.0835000000000004e-01
2.4208151370000000e+03	7.0828000000000002e-01
2.4219408469999998e+03	7.0823999999999998e-01
2.4230734750000001e+03	7.0821000000000001e-01
2.4242071630000000e+03	7.0821000000000001e-01
2.4253419130000002e+03	7.0821999999999996e-01
2.4264777250000002e+03	7.0821999999999996e-01
2.4276146020000001e+03	7.0818999999999999e-01
2.4287525439999999e+03	7.0813999999999999e-01
2.4298856500000002e+03	7.0809000000000000e-01
2.4310257230000002e+03	7.0803000000000005e-01
2.4321668660000000e+03	7.0796000000000003e-01
2.4333090809999999e+03	7.0791000000000004e-01
2.4344523700000000e+03	7.0786000000000004e-01
2.4355967329999999e+03	7.0781000000000005e-01
2.4367362349999999e+03	7.0775999999999994e-01
2.4378827480000000e+03	7.0772000000000002e-01
2.4390303389999999e+03	7.0767999999999998e-01
2.4401790120000001e+03	7.0762000000000003e-01
2.4413287660000001e+03	7.0755999999999997e-01
2.4424796050000000e+03	7.0750999999999997e-01
2.4436315300000001e+03	7.0745000000000002e-01
2.4447845410000000e+03	7.0740999999999998e-01
2.4459326590000001e+03	7.0735999999999999e-01
2.4470878429999998e+03	7.0730999999999999e-01
2.4482441190000000e+03	7.0725000000000005e-01
2.4494014889999999e+03	7.0716999999999997e-01
2.4505599530000000e+03	7.0709000000000000e-01
2.4517195130000000e+03	7.0701000000000003e-01
2.4528741550000000e+03	7.0692999999999995e-01
2.4540359070000000e+03	7.0684000000000002e-01
2.4551987610000001e+03	7.0674000000000003e-01
2.4563627160000001e+03	7.0664000000000005e-01
2.4575277759999999e+03	7.0652000000000004e-01
2.4586939419999999e+03	7.0642000000000005e-01
2.4598612149999999e+03	7.0633000000000001e-01
2.4610235400000001e+03	7.0626000000000000e-01
2.4621930259999999e+03	7.0620000000000005e-01
2.4633636240000001e+03	7.0616000000000001e-01
2.4645353369999998e+03	7.0613999999999999e-01
2.4657081640000001e+03	7.0613999999999999e-01
2.4668821079999998e+03	7.0616000000000001e-01
2.4680571700000000e+03	7.0618999999999998e-01
2.4692272549999998e+03	7.0623999999999998e-01
2.4704045529999999e+03	7.0628000000000002e-01
2.4715829749999998e+03	7.0630999999999999e-01
2.4727625210000001e+03	7.0633000000000001e-01
2.4739431930000001e+03	7.0635000000000003e-01
2.4751249939999998e+03	7.0635000000000003e-01
2.4763017920000002e+03	7.0635000000000003e-01
2.4774858469999999e+03	7.0635999999999999e-01
2.4786710360000002e+03	7.0637000000000005e-01
2.4798573590000001e+03	7.0637000000000005e-01
2.4810448179999999e+03	7.0638999999999996e-01
2.4822334139999998e+03	7.0640000000000003e-01
2.4834169830000001e+03	7.0640000000000003e-01
2.4846078539999999e+03	7.0638999999999996e-01
2.4857998680000001e+03	7.0640000000000003e-01
2.4869930260000001e+03	7.0640999999999998e-01
2.4881873310000001e+03	7.0640999999999998e-01
2.4893827820000001e+03	7.0642000000000005e-01
2.4905793829999998e+03	7.0640000000000003e-01
2.4917709270000000e+03	7.0633000000000001e-01
2.4929698250000001e+03	7.0623999999999998e-01
2.4941698780000002e+03	7.0618000000000003e-01
2.4953710870000000e+03	7.0611999999999997e-01
2.4965734530000000e+03	7.0608000000000004e-01
2.4977769779999999e+03	7.0609000000000000e-01
2.4989816649999998e+03	7.0609999999999995e-01
2.5001812629999999e+03	7.0608000000000004e-01
2.5013882699999999e+03	7.0606000000000002e-01
2.5025964439999998e+03	7.0603000000000005e-01
2.5038057850000000e+03	7.0599000000000001e-01
2.5050162949999999e+03	7.0594999999999997e-01
2.5062279770000000e+03	7.0591999999999999e-01
2.5074345429999998e+03	7.0589000000000002e-01
2.5086485659999998e+03	7.0584000000000002e-01
2.5098637650000001e+03	7.0581000000000005e-01
2.5110801409999999e+03	7.0577999999999996e-01
2.5122976970000000e+03	7.0574999999999999e-01
2.5135164350000000e+03	7.0572999999999997e-01
2.5147363550000000e+03	7.0572000000000001e-01
2.5159511299999999e+03	7.0570999999999995e-01
2.5171734160000001e+03	7.0569999999999999e-01
2.5183968890000001e+03	7.0570999999999995e-01
2.5196215529999999e+03	7.0572999999999997e-01
2.5208474080000001e+03	7.0576000000000005e-01
2.5220744570000002e+03	7.0579999999999998e-01
2.5233027000000002e+03	7.0584999999999998e-01
2.5245257680000000e+03	7.0589000000000002e-01
2.5257564010000001e+03	7.0589000000000002e-01
2.5269882339999999e+03	7.0591000000000004e-01
2.5282212700000000e+03	7.0598000000000005e-01
2.5294555089999999e+03	7.0606999999999998e-01
2.5306909550000000e+03	7.0618999999999998e-01
2.5319276070000001e+03	7.0633999999999997e-01
2.5331590520000000e+03	7.0647000000000004e-01
2.5343981180000001e+03	7.0650000000000002e-01
2.5356383980000001e+03	7.0645000000000002e-01
2.5368798910000000e+03	7.0637000000000005e-01
2.5381226010000000e+03	7.0628999999999997e-01
2.5393665299999998e+03	7.0623999999999998e-01
2.5406116780000002e+03	7.0626000000000000e-01
2.5418515860000002e+03	7.0633000000000001e-01
2.5430991730000001e+03	7.0643000000000000e-01
2.5443479849999999e+03	7.0647000000000004e-01
2.5455980249999998e+03	7.0647000000000004e-01
2.5468492930000002e+03	7.0650999999999997e-01
2.5481017919999999e+03	7.0659000000000005e-01
2.5493490240000001e+03	7.0667999999999997e-01
2.5506039830000000e+03	7.0676000000000005e-01
2.5518601779999999e+03	7.0681000000000005e-01
2.5531176120000000e+03	7.0674000000000003e-01
2.5543762849999998e+03	7.0653999999999995e-01
2.5556361999999999e+03	7.0638000000000001e-01
2.5568908210000000e+03	7.0642000000000005e-01
2.5581532179999999e+03	7.0667999999999997e-01
2.5594168620000000e+03	7.0716000000000001e-01
2.5606817560000000e+03	7.0775999999999994e-01
2.5619479000000001e+03	7.0821999999999996e-01
2.5632152970000002e+03	7.0835000000000004e-01
2.5644839489999999e+03	7.0821000000000001e-01
2.5657472739999998e+03	7.0789000000000002e-01
2.5670184340000001e+03	7.0748999999999995e-01
2.5682908539999999e+03	7.0730999999999999e-01
2.5695645359999999e+03	7.0742000000000005e-01
2.5708394819999999e+03	7.0760000000000001e-01
2.5721156940000001e+03	7.0782000000000000e-01
2.5733865510000001e+03	7.0808000000000004e-01
2.5746652939999999e+03	7.0813000000000004e-01
2.5759453079999998e+03	7.0798000000000005e-01
2.5772265950000001e+03	7.0789999999999997e-01
2.5785091579999998e+03	7.0791000000000004e-01
2.5797929970000000e+03	7.0804999999999996e-01
2.5810781160000001e+03	7.0837000000000006e-01
2.5823578480000001e+03	7.0882000000000001e-01
2.5836455240000000e+03	7.0923999999999998e-01
2.5849344850000002e+03	7.0945999999999998e-01
2.5862247330000000e+03	7.0940000000000003e-01
2.5875162690000002e+03	7.0923999999999998e-01
2.5888090960000000e+03	7.0914999999999995e-01
2.5901032160000000e+03	7.0935999999999999e-01
2.5913919139999998e+03	7.0991000000000004e-01
2.5926886180000001e+03	7.1065999999999996e-01
2.5939866200000001e+03	7.1138000000000001e-01
2.5952859229999999e+03	7.1174999999999999e-01
2.5965865269999999e+03	7.1145000000000003e-01
2.5978884360000002e+03	7.1072999999999997e-01
2.5991916510000001e+03	7.1004999999999996e-01
2.6004894119999999e+03	7.0969000000000004e-01
2.6017952390000000e+03	7.0972000000000002e-01
2.6031023770000002e+03	7.1014999999999995e-01
2.6044108299999998e+03	7.1074999999999999e-01
2.6057205990000002e+03	7.1116999999999997e-01
2.6070316859999998e+03	7.1111000000000002e-01
2.6083440930000002e+03	7.1070000000000000e-01
2.6096510109999999e+03	7.1021000000000001e-01
2.6109660570000001e+03	7.0977999999999997e-01
2.6122824300000002e+03	7.0957000000000003e-01
2.6136001299999998e+03	7.0967999999999998e-01
2.6149191599999999e+03	7.1009000000000000e-01
2.6162395219999999e+03	7.1069000000000004e-01
2.6175612179999998e+03	7.1113999999999999e-01
2.6188773919999999e+03	7.1126999999999996e-01
2.6202017559999999e+03	7.1121000000000001e-01
2.6215274589999999e+03	7.1096000000000004e-01
2.6228545049999998e+03	7.1053999999999995e-01
2.6241828949999999e+03	7.1028000000000002e-01
2.6255126310000001e+03	7.1043999999999996e-01
2.6268368160000000e+03	7.1079000000000003e-01
2.6281692440000002e+03	7.1109999999999995e-01
2.6295030240000001e+03	7.1142000000000005e-01
2.6308381589999999e+03	7.1157000000000004e-01
2.6321746499999999e+03	7.1131999999999995e-01
2.6335124999999998e+03	7.1084000000000003e-01
2.6348517109999998e+03	7.1040000000000003e-01
2.6361853339999998e+03	7.0998000000000006e-01
2.6375272650000002e+03	7.0964000000000005e-01
2.6388705629999999e+03	7.0952999999999999e-01
2.6402152299999998e+03	7.0960000000000001e-01
2.6415612679999999e+03	7.0977000000000001e-01
2.6429086800000000e+03	7.0999000000000001e-01
2.6442504739999999e+03	7.1018000000000003e-01
2.6456006309999998e+03	7.1035999999999999e-01
2.6469521669999999e+03	7.1050000000000002e-01
2.6483050850000000e+03	7.1062999999999998e-01
2.6496593859999998e+03	7.1081000000000005e-01
2.6510150739999999e+03	7.1109999999999995e-01
2.6523651140000002e+03	7.1140999999999999e-01
2.6537235719999999e+03	7.1169000000000004e-01
2.6550834230000000e+03	7.1196000000000004e-01
2.6564446680000001e+03	7.1220000000000006e-01
2.6578073089999998e+03	7.1240000000000003e-01
2.6591713490000002e+03	7.1277000000000001e-01
2.6605367900000001e+03	7.1340999999999999e-01
2.6618965480000002e+03	7.1423999999999999e-01
2.6632647900000002e+03	7.1516999999999997e-01
2.6646344389999999e+03	7.1631000000000000e-01
2.6660054970000001e+03	7.1743999999999997e-01
2.6673779669999999e+03	7.1819000000000000e-01
2.6687518510000000e+03	7.1860999999999997e-01
2.6701271510000001e+03	7.1892000000000000e-01
2.6714967329999999e+03	7.1897999999999995e-01
2.6728748639999999e+03	7.1877000000000002e-01
2.6742544180000000e+03	7.1874000000000005e-01
2.6756353970000000e+03	7.1882000000000001e-01
2.6770178019999998e+03	7.1875999999999995e-01
2.6784016369999999e+03	7.1852000000000005e-01
2.6797797220000002e+03	7.1821999999999997e-01
2.6811664150000001e+03	7.1775999999999995e-01
2.6825545430000002e+03	7.1725000000000005e-01
2.6839441099999999e+03	7.1680999999999995e-01
2.6853351160000002e+03	7.1643999999999997e-01
2.6867275660000000e+03	7.1613000000000004e-01
2.6881214599999998e+03	7.1596000000000004e-01
2.6895095679999999e+03	7.1589999999999998e-01
2.6909063510000001e+03	7.1592000000000000e-01
2.6923045860000002e+03	7.1603000000000006e-01
2.6937042740000002e+03	7.1611999999999998e-01
2.6951054190000000e+03	7.1601999999999999e-01
2.6965080220000000e+03	7.1570999999999996e-01
2.6979120859999998e+03	7.1525000000000005e-01
2.6993103259999998e+03	7.1477000000000002e-01
2.7007173109999999e+03	7.1438000000000001e-01
2.7021257620000001e+03	7.1411999999999998e-01
2.7035356839999999e+03	7.1401000000000003e-01
2.7049470780000001e+03	7.1411999999999998e-01
2.7063599460000000e+03	7.1445000000000003e-01
2.7077742910000002e+03	7.1482000000000001e-01
2.7091827750000002e+03	7.1518999999999999e-01
2.7106000730000001e+03	7.1547000000000005e-01
2.7120188539999999e+03	7.1545999999999998e-01
2.7134391209999999e+03	7.1518000000000004e-01
2.7148608770000001e+03	7.1499999999999997e-01
2.7162841229999999e+03	7.1501999999999999e-01
2.7177088629999998e+03	7.1521999999999997e-01
2.7191277040000000e+03	7.1572999999999998e-01
2.7205554290000000e+03	7.1636000000000000e-01
2.7219846530000000e+03	7.1665999999999996e-01
2.7234153809999998e+03	7.1662000000000003e-01
2.7248476129999999e+03	7.1635000000000004e-01
2.7262813520000000e+03	7.1572999999999998e-01
2.7277091610000002e+03	7.1494999999999997e-01
2.7291459140000002e+03	7.1438000000000001e-01
2.7305841810000002e+03	7.1404999999999996e-01
2.7320239649999999e+03	7.1387000000000000e-01
2.7334652689999998e+03	7.1404000000000001e-01
2.7349080930000000e+03	7.1455000000000002e-01
2.7363524419999999e+03	7.1511999999999998e-01
2.7377908219999999e+03	7.1562000000000003e-01
2.7392382180000000e+03	7.1603000000000006e-01
2.7406871449999999e+03	7.1614000000000000e-01
2.7421376059999998e+03	7.1577999999999997e-01
2.7435896029999999e+03	7.1516000000000002e-01
2.7450431380000000e+03	7.1448999999999996e-01
2.7464982150000001e+03	7.1384999999999998e-01
2.7479472830000000e+03	7.1340999999999999e-01
2.7494054409999999e+03	7.1336999999999995e-01
2.7508651470000000e+03	7.1367999999999998e-01
2.7523264039999999e+03	7.1408000000000005e-01
2.7537892139999999e+03	7.1445000000000003e-01
2.7552535800000001e+03	7.1474000000000004e-01
2.7567119039999998e+03	7.1477000000000002e-01
2.7581793809999999e+03	7.1453999999999995e-01
2.7596484209999999e+03	7.1426999999999996e-01
2.7611190259999998e+03	7.1409999999999996e-01
2.7625911999999998e+03	7.1401999999999999e-01
2.7640649440000002e+03	7.1403000000000005e-01
2.7655326140000002e+03	7.1411999999999998e-01
2.7670094989999998e+03	7.1418999999999999e-01
2.7684879630000000e+03	7.1414000000000000e-01
2.7699680069999999e+03	7.1394999999999997e-01
2.7714496340000001e+03	7.1367000000000003e-01
2.7729328479999999e+03	7.1330000000000005e-01
2.7744176499999999e+03	7.1287999999999996e-01
2.7758963370000001e+03	7.1253000000000000e-01
2.7773843149999998e+03	7.1228999999999998e-01
2.7788738890000000e+03	7.1211999999999998e-01
2.7803650619999999e+03	7.1209999999999996e-01
2.7818578360000001e+03	7.1221999999999996e-01
2.7833522140000000e+03	7.1235999999999999e-01
2.7848481980000001e+03	7.1247000000000005e-01
2.7863380269999998e+03	7.1257000000000004e-01
2.7878372239999999e+03	7.1257000000000004e-01
2.7893380339999999e+03	7.1235000000000004e-01
2.7908404620000001e+03	7.1204000000000001e-01
2.7923445080000001e+03	7.1174000000000004e-01
2.7938501769999998e+03	7.1145999999999998e-01
2.7953574699999999e+03	7.1128999999999998e-01
2.7968585680000001e+03	7.1135999999999999e-01
2.7983691100000001e+03	7.1162000000000003e-01
2.7998812849999999e+03	7.1196000000000004e-01
2.8013950949999999e+03	7.1231999999999995e-01
2.8029105420000001e+03	7.1265000000000001e-01
2.8044276300000001e+03	7.1275999999999995e-01
2.8059463620000001e+03	7.1260999999999997e-01
2.8074588570000001e+03	7.1233000000000002e-01
2.8089808739999999e+03	7.1201999999999999e-01
2.8105045420000001e+03	7.1170999999999995e-01
2.8120298640000001e+03	7.1152000000000004e-01
2.8135568420000000e+03	7.1155000000000002e-01
2.8150854800000002e+03	7.1170000000000000e-01
2.8166078470000002e+03	7.1187000000000000e-01
2.8181398020000001e+03	7.1203000000000005e-01
2.8196734250000000e+03	7.1216000000000002e-01
2.8212087190000002e+03	7.1216000000000002e-01
2.8227456849999999e+03	7.1204000000000001e-01
2.8242843260000000e+03	7.1187000000000000e-01
2.8258246460000000e+03	7.1172000000000002e-01
2.8273586529999998e+03	7.1160999999999996e-01
2.8289023290000000e+03	7.1157999999999999e-01
2.8304476920000002e+03	7.1165000000000000e-01
2.8319947440000001e+03	7.1179999999999999e-01
2.8335434879999998e+03	7.1196999999999999e-01
2.8350939269999999e+03	7.1211000000000002e-01
2.8366460630000001e+03	7.1218999999999999e-01
2.8381918449999998e+03	7.1218000000000004e-01
2.8397473759999998e+03	7.1206000000000003e-01
2.8413046129999998e+03	7.1189000000000002e-01
2.8428635599999998e+03	7.1174999999999999e-01
2.8444242170000002e+03	7.1167000000000002e-01
2.8459865900000000e+03	7.1165999999999996e-01
2.8475425710000000e+03	7.1172999999999997e-01
2.8491083720000001e+03	7.1189000000000002e-01
2.8506758949999999e+03	7.1206000000000003e-01
2.8522451449999999e+03	7.1220000000000006e-01
2.8538161230000001e+03	7.1233000000000002e-01
2.8553888330000000e+03	7.1240000000000003e-01
2.8569551139999999e+03	7.1236999999999995e-01
2.8585312869999998e+03	7.1228999999999998e-01
2.8601091990000000e+03	7.1221999999999996e-01
2.8616888540000000e+03	7.1216000000000002e-01
2.8632702549999999e+03	7.1214999999999995e-01
2.8648534049999998e+03	7.1221999999999996e-01
2.8664383069999999e+03	7.1235999999999999e-01
2.8680167379999998e+03	7.1250000000000002e-01
2.8696051419999999e+03	7.1262999999999999e-01
2.8711953070000000e+03	7.1272999999999997e-01
2.8727872360000001e+03	7.1279999999999999e-01
2.8743809299999998e+03	7.1279999999999999e-01
2.8759763939999998e+03	7.1275999999999995e-01
2.8775736299999999e+03	7.1272999999999997e-01
2.8791643509999999e+03	7.1270000000000000e-01
2.8807651310000001e+03	7.1269000000000005e-01
2.8823676919999998e+03	7.1272000000000002e-01
2.8839720370000000e+03	7.1279000000000003e-01
2.8855781689999999e+03	7.1289000000000002e-01
2.8871860910000000e+03	7.1299999999999997e-01
2.8887874600000000e+03	7.1311000000000002e-01
2.8903989620000002e+03	7.1319999999999995e-01
2.8920122620000002e+03	7.1323999999999999e-01
2.8936273639999999e+03	7.1323000000000003e-01
2.8952442719999999e+03	7.1321999999999997e-01
2.8968629870000000e+03	7.1321000000000001e-01
2.8984835130000001e+03	7.1323000000000003e-01
2.9000974430000001e+03	7.1328999999999998e-01
2.9017215910000000e+03	7.1338999999999997e-01
2.9033475600000002e+03	7.1350000000000002e-01
2.9049753510000000e+03	7.1360000000000001e-01
2.9066049690000000e+03	7.1369000000000005e-01
2.9082364160000002e+03	7.1374000000000004e-01
2.9098696960000002e+03	7.1375000000000000e-01
2.9114963339999999e+03	7.1370999999999996e-01
2.9131332790000001e+03	7.1364000000000005e-01
2.9147720650000001e+03	7.1358999999999995e-01
2.9164126959999999e+03	7.1357000000000004e-01
2.9180551750000000e+03	7.1358999999999995e-01
2.9196995050000000e+03	7.1364000000000005e-01
2.9213456890000002e+03	7.1372999999999998e-01
2.9229851859999999e+03	7.1382000000000001e-01
2.9246350790000001e+03	7.1389999999999998e-01
2.9262868349999999e+03	7.1396000000000004e-01
2.9279404570000002e+03	7.1399999999999997e-01
2.9295959499999999e+03	7.1401000000000003e-01
2.9312533159999998e+03	7.1397999999999995e-01
2.9329125580000000e+03	7.1394000000000002e-01
2.9345650679999999e+03	7.1392000000000000e-01
2.9362280630000000e+03	7.1391000000000004e-01
2.9378929429999998e+03	7.1392999999999995e-01
2.9395597130000001e+03	7.1397999999999995e-01
2.9412283750000001e+03	7.1406000000000003e-01
2.9428989320000001e+03	7.1414999999999995e-01
2.9445627180000001e+03	7.1421999999999997e-01
2.9462370660000001e+03	7.1428000000000003e-01
2.9479133200000001e+03	7.1431000000000000e-01
2.9495914819999998e+03	7.1431999999999995e-01
2.9512715549999998e+03	7.1431000000000000e-01
2.9529535440000000e+03	7.1430000000000005e-01
2.9546374510000001e+03	7.1430000000000005e-01
2.9563145399999999e+03	7.1430000000000005e-01
2.9580022840000001e+03	7.1431999999999995e-01
2.9596919549999998e+03	7.1435999999999999e-01
2.9613835580000000e+03	7.1440000000000003e-01
2.9630770960000000e+03	7.1445000000000003e-01
2.9647725719999999e+03	7.1450000000000002e-01
2.9664699900000001e+03	7.1455000000000002e-01
2.9681605420000001e+03	7.1458999999999995e-01
2.9698618419999998e+03	7.1460999999999997e-01
2.9715650940000000e+03	7.1462999999999999e-01
2.9732703000000001e+03	7.1464000000000005e-01
2.9749774649999999e+03	7.1465999999999996e-01
2.9766865910000001e+03	7.1469000000000005e-01
2.9783888109999998e+03	7.1472000000000002e-01
2.9801018600000002e+03	7.1475999999999995e-01
2.9818168810000002e+03	7.1479999999999999e-01
2.9835338769999998e+03	7.1486000000000005e-01
2.9852528510000002e+03	7.1491000000000005e-01
2.9869738069999999e+03	7.1494999999999997e-01
2.9886878170000000e+03	7.1497999999999995e-01
2.9904127370000001e+03	7.1499999999999997e-01
2.9921396490000002e+03	7.1499999999999997e-01
2.9938685569999998e+03	7.1501000000000003e-01
2.9955994639999999e+03	7.1504000000000001e-01
2.9973323740000001e+03	7.1508000000000005e-01
2.9990672900000000e+03	7.1513000000000004e-01
3.0007952110000001e+03	7.1518999999999999e-01
3.0025341389999999e+03	7.1525000000000005e-01
3.0042750830000000e+03	7.1530000000000005e-01
3.0060180479999999e+03	7.1535000000000004e-01
3.0077630359999998e+03	7.1538999999999997e-01
3.0095100520000001e+03	7.1541999999999994e-01
3.0112500300000002e+03	7.1545000000000003e-01
3.0130011000000000e+03	7.1547000000000005e-01
3.0147542070000000e+03	7.1548000000000000e-01
3.0165093560000000e+03	7.1550000000000002e-01
3.0182665489999999e+03	7.1553000000000000e-01
3.0200257910000000e+03	7.1555999999999997e-01
3.0217870849999999e+03	7.1560999999999997e-01
3.0235412930000002e+03	7.1565000000000001e-01
3.0253066899999999e+03	7.1570000000000000e-01
3.0270741509999998e+03	7.1575000000000000e-01
3.0288436780000002e+03	7.1579000000000004e-01
3.0306152760000000e+03	7.1582000000000001e-01
3.0323889460000000e+03	7.1586000000000005e-01
3.0341646940000001e+03	7.1587999999999996e-01
3.0359333069999998e+03	7.1591000000000005e-01
3.0377132090000000e+03	7.1594000000000002e-01
3.0394952010000002e+03	7.1597000000000000e-01
3.0412792840000002e+03	7.1599999999999997e-01
3.0430654620000000e+03	7.1603000000000006e-01
3.0448537400000000e+03	7.1606999999999998e-01
3.0466441220000002e+03	7.1609999999999996e-01
3.0484273159999998e+03	7.1611999999999998e-01
3.0502219040000000e+03	7.1614000000000000e-01
3.0520186050000002e+03	7.1616999999999997e-01
3.0538174239999998e+03	7.1618999999999999e-01
3.0556183649999998e+03	7.1621999999999997e-01
3.0574214320000001e+03	7.1625000000000005e-01
3.0592266279999999e+03	7.1628000000000003e-01
3.0610245860000000e+03	7.1631000000000000e-01
3.0628340400000002e+03	7.1635000000000004e-01
3.0646456349999999e+03	7.1638000000000002e-01
3.0664593740000000e+03	7.1643000000000001e-01
3.0682752609999998e+03	7.1648000000000001e-01
3.0700933000000000e+03	7.1653000000000000e-01
3.0719134949999998e+03	7.1658999999999995e-01
3.0737264009999999e+03	7.1664000000000005e-01
3.0755509080000002e+03	7.1667999999999998e-01
3.0773775820000001e+03	7.1672000000000002e-01
3.0792064270000001e+03	7.1677000000000002e-01
3.0810374470000002e+03	7.1680999999999995e-01
3.0828706459999999e+03	7.1686000000000005e-01
3.0846965120000000e+03	7.1691000000000005e-01
3.0865340689999998e+03	7.1696000000000004e-01
3.0883738170000001e+03	7.1701000000000004e-01
3.0902157590000002e+03	7.1706999999999999e-01
3.0920598989999999e+03	7.1711999999999998e-01
3.0939062420000000e+03	7.1718000000000004e-01
3.0957452079999998e+03	7.1723999999999999e-01
3.0975959560000001e+03	7.1728000000000003e-01
3.0994489180000000e+03	7.1731000000000000e-01
3.1013040980000001e+03	7.1735000000000004e-01
3.1031615010000000e+03	7.1736999999999995e-01
3.1050211300000001e+03	7.1740000000000004e-01
3.1068829890000002e+03	7.1745000000000003e-01
3.1087374169999998e+03	7.1750000000000003e-01
3.1106037369999999e+03	7.1755999999999998e-01
3.1124722990000000e+03	7.1762000000000004e-01
3.1143431070000001e+03	7.1767999999999998e-01
3.1162161660000002e+03	7.1774000000000004e-01
3.1180914790000002e+03	7.1779999999999999e-01
3.1199593159999999e+03	7.1786000000000005e-01
3.1218391379999998e+03	7.1791000000000005e-01
3.1237212270000000e+03	7.1794999999999998e-01
3.1256055860000001e+03	7.1799000000000002e-01
3.1274922200000001e+03	7.1804000000000001e-01
3.1293811340000002e+03	7.1809000000000001e-01
3.1312723299999998e+03	7.1814999999999996e-01
3.1331559969999998e+03	7.1819999999999995e-01
3.1350517599999998e+03	7.1826000000000001e-01
3.1369498180000001e+03	7.1831000000000000e-01
3.1388501759999999e+03	7.1836000000000000e-01
3.1407528379999999e+03	7.1840000000000004e-01
3.1426578089999998e+03	7.1845000000000003e-01
3.1445650909999999e+03	7.1850000000000003e-01
3.1464647890000001e+03	7.1853999999999996e-01
3.1483766970000001e+03	7.1860000000000002e-01
3.1502909289999998e+03	7.1865000000000001e-01
3.1522074910000001e+03	7.1870000000000001e-01
3.1541263859999999e+03	7.1875000000000000e-01
3.1560476180000001e+03	7.1879999999999999e-01
3.1579711929999999e+03	7.1884999999999999e-01
3.1598871290000002e+03	7.1891000000000005e-01
3.1618153880000000e+03	7.1897000000000000e-01
3.1637460019999999e+03	7.1902999999999995e-01
3.1656789749999998e+03	7.1909000000000001e-01
3.1676143109999998e+03	7.1914999999999996e-01
3.1695520160000001e+03	7.1921000000000002e-01
3.1714920920000000e+03	7.1926999999999996e-01
3.1734244739999999e+03	7.1931999999999996e-01
3.1753692950000000e+03	7.1938000000000002e-01
3.1773165020000001e+03	7.1941999999999995e-01
3.1792660980000001e+03	7.1947000000000005e-01
3.1812180880000001e+03	7.1950999999999998e-01
3.1831724770000001e+03	7.1955000000000002e-01
3.1851292680000001e+03	7.1958999999999995e-01
3.1870783099999999e+03	7.1963999999999995e-01
3.1890399080000002e+03	7.1967999999999999e-01
3.1910039219999999e+03	7.1972000000000003e-01
3.1929703559999998e+03	7.1975999999999996e-01
3.1949392160000002e+03	7.1980000000000000e-01
3.1969105060000002e+03	7.1984999999999999e-01
3.1988739959999998e+03	7.1989000000000003e-01
3.2008501460000002e+03	7.1994000000000002e-01
3.2028287380000002e+03	7.1999000000000002e-01
3.2048097790000002e+03	7.2004000000000001e-01
3.2067932710000000e+03	7.2009000000000001e-01
3.2087792199999999e+03	7.2014000000000000e-01
3.2107676299999998e+03	7.2018000000000004e-01
3.2127481849999999e+03	7.2021999999999997e-01
3.2147415190000002e+03	7.2026000000000001e-01
3.2167373280000002e+03	7.2028999999999999e-01
3.2187356159999999e+03	7.2031999999999996e-01
3.2207363890000001e+03	7.2035000000000005e-01
3.2227396509999999e+03	7.2036000000000000e-01
3.2247350070000002e+03	7.2038000000000002e-01
3.2267432480000002e+03	7.2040999999999999e-01
3.2287539919999999e+03	7.2043999999999997e-01
3.2307672429999998e+03	7.2047000000000005e-01
3.2327830060000001e+03	7.2052000000000005e-01
3.2348012859999999e+03	7.2058000000000000e-01
3.2368116110000001e+03	7.2062999999999999e-01
3.2388349260000000e+03	7.2067999999999999e-01
3.2408607729999999e+03	7.2072999999999998e-01
3.2428891549999998e+03	7.2075999999999996e-01
3.2449200780000001e+03	7.2077999999999998e-01
3.2469535460000002e+03	7.2079000000000004e-01
3.2489895640000000e+03	7.2080000000000000e-01
3.2510175680000002e+03	7.2080000000000000e-01
3.2530586880000001e+03	7.2079000000000004e-01
3.2551023730000002e+03	7.2077000000000002e-01
3.2571486270000000e+03	7.2075999999999996e-01
3.2591974550000000e+03	7.2075000000000000e-01
3.2612488629999998e+03	7.2074000000000005e-01
3.2633028540000000e+03	7.2074000000000005e-01
3.2653487719999998e+03	7.2074000000000005e-01
3.2674079330000000e+03	7.2075000000000000e-01
3.2694696920000001e+03	7.2075999999999996e-01
3.2715340550000001e+03	7.2077999999999998e-01
3.2736010270000002e+03	7.2080000000000000e-01
3.2756706119999999e+03	7.2082999999999997e-01
3.2777320719999998e+03	7.2084999999999999e-01
3.2798068850000000e+03	7.2087000000000001e-01
3.2818843270000002e+03	7.2087999999999997e-01
3.2839644020000001e+03	7.2089999999999999e-01
3.2860471149999998e+03	7.2091000000000005e-01
3.2881324719999998e+03	7.2092000000000001e-01
3.2902204780000002e+03	7.2092999999999996e-01
3.2923002969999998e+03	7.2094000000000003e-01
3.2943936010000002e+03	7.2096000000000005e-01
3.2964895680000000e+03	7.2099000000000002e-01
3.2985882040000001e+03	7.2104000000000001e-01
3.3006895140000001e+03	7.2109999999999996e-01
3.3027935029999999e+03	7.2116999999999998e-01
3.3049001750000002e+03	7.2124999999999995e-01
3.3069986009999998e+03	7.2133000000000003e-01
3.3091106430000000e+03	7.2141000000000000e-01
3.3112253850000002e+03	7.2146999999999994e-01
3.3133428319999998e+03	7.2153000000000000e-01
3.3154629880000002e+03	7.2155999999999998e-01
3.3175858589999998e+03	7.2158000000000000e-01
3.3197114510000001e+03	7.2158000000000000e-01
3.3218287329999998e+03	7.2157000000000004e-01
3.3239597669999998e+03	7.2155000000000002e-01
3.3260935359999999e+03	7.2152000000000005e-01
3.3282300470000000e+03	7.2148999999999996e-01
3.3303693050000002e+03	7.2145000000000004e-01
3.3325113139999999e+03	7.2141999999999995e-01
3.3346560800000002e+03	7.2138999999999998e-01
3.3367924750000002e+03	7.2135000000000005e-01
3.3389427569999998e+03	7.2133000000000003e-01
3.3410958129999999e+03	7.2130000000000005e-01
3.3432516470000000e+03	7.2126999999999997e-01
3.3454102640000001e+03	7.2123999999999999e-01
3.3475716720000000e+03	7.2121000000000002e-01
3.3497246530000002e+03	7.2118000000000004e-01
3.3518916399999998e+03	7.2114000000000000e-01
3.3540614329999999e+03	7.2111000000000003e-01
3.3562340370000002e+03	7.2106000000000003e-01
3.3584094570000002e+03	7.2101000000000004e-01
3.3605877000000000e+03	7.2096000000000005e-01
3.3627574610000001e+03	7.2089999999999999e-01
3.3649413490000002e+03	7.2082999999999997e-01
3.3671280750000001e+03	7.2075000000000000e-01
3.3693176460000000e+03	7.2067000000000003e-01
3.3715100659999998e+03	7.2058999999999995e-01
3.3737053409999999e+03	7.2050999999999998e-01
3.3759034760000000e+03	7.2045000000000003e-01
3.3780930659999999e+03	7.2040000000000004e-01
3.3802969250000001e+03	7.2036999999999995e-01
3.3825036620000001e+03	7.2036999999999995e-01
3.3847132809999998e+03	7.2038999999999997e-01
3.3869257889999999e+03	7.2043000000000001e-01
3.3891411920000000e+03	7.2048999999999996e-01
3.3913594939999998e+03	7.2055000000000002e-01
3.3935691860000002e+03	7.2062000000000004e-01
3.3957932910000000e+03	7.2067000000000003e-01
3.3980203130000000e+03	7.2072000000000003e-01
3.4002502580000000e+03	7.2075000000000000e-01
3.4024831319999998e+03	7.2077999999999998e-01
3.4047189400000002e+03	7.2080000000000000e-01
3.4069460819999999e+03	7.2082000000000002e-01
3.4091877610000001e+03	7.2082999999999997e-01
3.4114323920000002e+03	7.2084000000000004e-01
3.4136799810000002e+03	7.2084999999999999e-01
3.4159305340000001e+03	7.2085999999999995e-01
3.4181840560000001e+03	7.2087000000000001e-01
3.4204405529999999e+03	7.2089000000000003e-01
3.4226883160000002e+03	7.2091000000000005e-01
3.4249507659999999e+03	7.2092999999999996e-01
3.4272162090000002e+03	7.2094999999999998e-01
3.4294846510000002e+03	7.2097000000000000e-01
3.4317560979999998e+03	7.2099000000000002e-01
3.4340305560000002e+03	7.2101999999999999e-01
3.4363080310000000e+03	7.2104000000000001e-01
3.4385767040000001e+03	7.2106999999999999e-01
3.4408602150000002e+03	7.2109999999999996e-01
3.4431467610000000e+03	7.2111999999999998e-01
3.4454363469999998e+03	7.2114000000000000e-01
3.4477289810000002e+03	7.2116999999999998e-01
3.4500246680000000e+03	7.2119999999999995e-01
3.4523234140000000e+03	7.2123000000000004e-01
3.4546132910000001e+03	7.2126999999999997e-01
3.4569181570000001e+03	7.2131000000000001e-01
3.4592261020000001e+03	7.2135000000000005e-01
3.4615371300000002e+03	7.2138999999999998e-01
3.4638512479999999e+03	7.2141999999999995e-01
3.4661684630000000e+03	7.2145999999999999e-01
3.4684887789999998e+03	7.2148000000000001e-01
3.4708001580000000e+03	7.2150000000000003e-01
3.4731266820000001e+03	7.2152000000000005e-01
3.4754563269999999e+03	7.2153000000000000e-01
3.4777891000000000e+03	7.2153000000000000e-01
3.4801250060000002e+03	7.2153000000000000e-01
3.4824640519999998e+03	7.2153000000000000e-01
3.4847941010000000e+03	7.2153999999999996e-01
3.4871394300000002e+03	7.2155000000000002e-01
3.4894879179999998e+03	7.2155999999999998e-01
3.4918395710000000e+03	7.2158000000000000e-01
3.4941943959999999e+03	7.2160000000000002e-01
3.4965523990000002e+03	7.2162999999999999e-01
3.4989135870000000e+03	7.2165999999999997e-01
3.5012657079999999e+03	7.2169000000000005e-01
3.5036332680000000e+03	7.2172999999999998e-01
3.5060040319999998e+03	7.2177000000000002e-01
3.5083780069999998e+03	7.2180999999999995e-01
3.5107551990000002e+03	7.2184999999999999e-01
3.5131356139999998e+03	7.2189999999999999e-01
3.5155192600000000e+03	7.2194000000000003e-01
3.5178937670000000e+03	7.2197999999999996e-01
3.5202838760000000e+03	7.2202999999999995e-01
3.5226772350000001e+03	7.2208000000000006e-01
3.5250738500000002e+03	7.2211999999999998e-01
3.5274737289999998e+03	7.2216999999999998e-01
3.5298768780000000e+03	7.2221000000000002e-01
3.5322708259999999e+03	7.2226000000000001e-01
3.5346805180000001e+03	7.2228999999999999e-01
3.5370934999999999e+03	7.2233000000000003e-01
3.5395097780000001e+03	7.2236000000000000e-01
3.5419293600000001e+03	7.2238999999999998e-01
3.5443522520000001e+03	7.2241999999999995e-01
3.5467658820000001e+03	7.2245999999999999e-01
3.5491953970000000e+03	7.2248999999999997e-01
3.5516282440000000e+03	7.2252000000000005e-01
3.5540644280000001e+03	7.2255000000000003e-01
3.5565039569999999e+03	7.2257000000000005e-01
3.5589468360000001e+03	7.2260000000000002e-01
3.5613930750000000e+03	7.2262999999999999e-01
3.5638299769999999e+03	7.2265999999999997e-01
3.5662829350000002e+03	7.2270000000000001e-01
3.5687392709999999e+03	7.2272999999999998e-01
3.5711989939999999e+03	7.2277000000000002e-01
3.5736621100000002e+03	7.2280999999999995e-01
3.5761286260000002e+03	7.2284999999999999e-01
3.5785985489999998e+03	7.2289000000000003e-01
3.5810590619999998e+03	7.2292000000000001e-01
3.5835358030000002e+03	7.2296000000000005e-01
3.5860159720000001e+03	7.2299999999999998e-01
3.5884995770000000e+03	7.2304999999999997e-01
3.5909866240000001e+03	7.2309000000000001e-01
3.5934771200000000e+03	7.2314000000000001e-01
3.5959581429999998e+03	7.2318000000000005e-01
3.5984555430000000e+03	7.2321999999999997e-01
3.6009564140000002e+03	7.2326000000000001e-01
3.6034607639999999e+03	7.2330000000000005e-01
3.6059685989999998e+03	7.2333999999999998e-01
3.6084799280000002e+03	7.2338000000000002e-01
3.6109947569999999e+03	7.2341999999999995e-01
3.6135000359999999e+03	7.2345000000000004e-01
3.6160218700000000e+03	7.2348999999999997e-01
3.6185472260000001e+03	7.2352000000000005e-01
3.6210761109999999e+03	7.2355999999999998e-01
3.6236085340000000e+03	7.2358999999999996e-01
3.6261445020000001e+03	7.2362000000000004e-01
3.6286840210000000e+03	7.2365000000000002e-01
3.6312139149999998e+03	7.2367999999999999e-01
3.6337605420000000e+03	7.2370000000000001e-01
3.6363107450000002e+03	7.2372999999999998e-01
3.6388645289999999e+03	7.2375000000000000e-01
3.6414219020000000e+03	7.2377999999999998e-01
3.6439828729999999e+03	7.2380999999999995e-01
3.6465474490000001e+03	7.2382999999999997e-01
3.6491023209999998e+03	7.2385999999999995e-01
3.6516741099999999e+03	7.2387999999999997e-01
3.6542495269999999e+03	7.2389000000000003e-01
3.6568285790000000e+03	7.2391000000000005e-01
3.6594112740000000e+03	7.2392999999999996e-01
3.6619976200000001e+03	7.2394999999999998e-01
3.6645876239999998e+03	7.2397000000000000e-01
3.6671678459999998e+03	7.2399000000000002e-01
3.6697651719999999e+03	7.2402000000000000e-01
3.6723661790000001e+03	7.2404000000000002e-01
3.6749708759999999e+03	7.2406999999999999e-01
3.6775792700000002e+03	7.2409000000000001e-01
3.6801913700000000e+03	7.2411000000000003e-01
3.6827936199999999e+03	7.2414000000000001e-01
3.6854131349999998e+03	7.2416000000000003e-01
3.6880363790000001e+03	7.2418000000000005e-01
3.6906633600000000e+03	7.2419999999999995e-01
3.6932940859999999e+03	7.2423000000000004e-01
3.6959285650000002e+03	7.2424999999999995e-01
3.6985668049999999e+03	7.2426999999999997e-01
3.7011951159999999e+03	7.2428999999999999e-01
3.7038408829999998e+03	7.2431000000000001e-01
3.7064904350000002e+03	7.2433999999999998e-01
3.7091437810000002e+03	7.2436000000000000e-01
3.7118009290000000e+03	7.2438000000000002e-01
3.7144618860000000e+03	7.2441000000000000e-01
3.7171266609999998e+03	7.2443999999999997e-01
3.7197814260000000e+03	7.2446999999999995e-01
3.7224538419999999e+03	7.2448999999999997e-01
3.7251300999999999e+03	7.2450999999999999e-01
3.7278102100000001e+03	7.2453000000000001e-01
3.7304941789999998e+03	7.2453999999999996e-01
3.7331820149999999e+03	7.2455999999999998e-01
3.7358597709999999e+03	7.2458999999999996e-01
3.7385553470000000e+03	7.2460999999999998e-01
3.7412548170000000e+03	7.2463999999999995e-01
3.7439581870000002e+03	7.2465999999999997e-01
3.7466654680000001e+03	7.2467000000000004e-01
3.7493766660000001e+03	7.2468999999999995e-01
3.7520777130000001e+03	7.2470000000000001e-01
3.7547967530000001e+03	7.2470999999999997e-01
3.7575197360000002e+03	7.2472000000000003e-01
3.7602466720000002e+03	7.2472999999999999e-01
3.7629775690000001e+03	7.2474000000000005e-01
3.7657124349999999e+03	7.2475000000000001e-01
3.7684512800000002e+03	7.2475999999999996e-01
3.7711798890000000e+03	7.2477000000000003e-01
3.7739266950000001e+03	7.2479000000000005e-01
3.7766775060000000e+03	7.2480000000000000e-01
3.7794323290000002e+03	7.2482000000000002e-01
3.7821911749999999e+03	7.2484000000000004e-01
3.7849540510000002e+03	7.2485999999999995e-01
3.7877209659999999e+03	7.2487999999999997e-01
3.7904775620000000e+03	7.2489999999999999e-01
3.7932525620000001e+03	7.2492000000000001e-01
3.7960316290000001e+03	7.2494000000000003e-01
3.7988147700000000e+03	7.2496000000000005e-01
3.8016019950000000e+03	7.2497999999999996e-01
3.8043933130000000e+03	7.2499999999999998e-01
3.8071887339999998e+03	7.2501000000000004e-01
3.8099737490000002e+03	7.2502000000000000e-01
3.8127773800000000e+03	7.2502999999999995e-01
3.8155851389999998e+03	7.2504000000000002e-01
3.8183970370000002e+03	7.2504999999999997e-01
3.8212130820000002e+03	7.2506000000000004e-01
3.8240332840000001e+03	7.2506999999999999e-01
3.8268576520000001e+03	7.2506999999999999e-01
3.8296715290000002e+03	7.2506999999999999e-01
3.8325042349999999e+03	7.2506999999999999e-01
3.8353411339999998e+03	7.2506999999999999e-01
3.8381822370000000e+03	7.2507999999999995e-01
3.8410275520000000e+03	7.2509000000000001e-01
3.8438770880000002e+03	7.2509000000000001e-01
3.8467160589999999e+03	7.2509000000000001e-01
3.8495740449999998e+03	7.2507999999999995e-01
3.8524362809999998e+03	7.2507999999999995e-01
3.8553027760000000e+03	7.2506999999999999e-01
3.8581735410000001e+03	7.2506999999999999e-01
3.8610485840000001e+03	7.2506999999999999e-01
3.8639279150000002e+03	7.2506999999999999e-01
3.8667965909999998e+03	7.2506000000000004e-01
3.8696845050000002e+03	7.2504999999999997e-01
3.8725767350000001e+03	7.2504999999999997e-01
3.8754732920000001e+03	7.2504999999999997e-01
3.8783741860000000e+03	7.2504999999999997e-01
3.8812794250000002e+03	7.2504999999999997e-01
3.8841890199999998e+03	7.2504000000000002e-01
3.8870878720000001e+03	7.2504000000000002e-01
3.8900061850000002e+03	7.2502999999999995e-01
3.8929288839999999e+03	7.2502000000000000e-01
3.8958559780000001e+03	7.2501000000000004e-01
3.8987874769999999e+03	7.2499000000000002e-01
3.9017081680000001e+03	7.2497999999999996e-01
3.9046484839999998e+03	7.2497000000000000e-01
3.9075932349999998e+03	7.2496000000000005e-01
3.9105424309999999e+03	7.2496000000000005e-01
3.9134960830000000e+03	7.2494999999999998e-01
3.9164541989999998e+03	7.2494999999999998e-01
3.9194167910000001e+03	7.2494999999999998e-01
3.9223684830000002e+03	7.2494999999999998e-01
3.9253400329999999e+03	7.2494999999999998e-01
3.9283160880000000e+03	7.2494000000000003e-01
3.9312966600000000e+03	7.2494000000000003e-01
3.9342817580000001e+03	7.2492999999999996e-01
3.9372713920000001e+03	7.2492000000000001e-01
3.9402655740000000e+03	7.2491000000000005e-01
3.9432487639999999e+03	7.2489000000000003e-01
3.9462520469999999e+03	7.2487999999999997e-01
3.9492599089999999e+03	7.2487000000000001e-01
3.9522723590000001e+03	7.2485999999999995e-01
3.9552894090000000e+03	7.2485999999999995e-01
3.9583110680000000e+03	7.2484999999999999e-01
3.9613216550000002e+03	7.2484999999999999e-01
3.9643525420000001e+03	7.2484000000000004e-01
3.9673880700000000e+03	7.2482999999999997e-01
3.9704282499999999e+03	7.2482999999999997e-01
3.9734730939999999e+03	7.2482000000000002e-01
3.9765226109999999e+03	7.2480999999999995e-01
3.9795768119999998e+03	7.2480000000000000e-01
3.9826198469999999e+03	7.2479000000000005e-01
3.9856834250000002e+03	7.2477999999999998e-01
3.9887517200000002e+03	7.2477000000000003e-01
3.9918247430000001e+03	7.2475999999999996e-01
3.9949025040000001e+03	7.2474000000000005e-01
3.9979850160000001e+03	7.2472999999999999e-01
4.0010722870000000e+03	7.2472000000000003e-01
4.0041482980000001e+03	7.2470999999999997e-01
4.0072450990000002e+03	7.2470000000000001e-01
4.0103466939999998e+03	7.2470000000000001e-01
4.0134530949999998e+03	7.2468999999999995e-01
4.0165643110000001e+03	7.2467999999999999e-01
4.0196803550000000e+03	7.2467999999999999e-01
4.0228012370000001e+03	7.2467000000000004e-01
4.0259107620000000e+03	7.2467000000000004e-01
4.0290413300000000e+03	7.2467000000000004e-01
4.0321767709999999e+03	7.2467000000000004e-01
4.0353170949999999e+03	7.2465999999999997e-01
4.0384623150000002e+03	7.2465000000000002e-01
4.0416124420000001e+03	7.2463999999999995e-01
4.0447674870000001e+03	7.2463000000000000e-01
4.0479110750000000e+03	7.2462000000000004e-01
4.0510759659999999e+03	7.2462000000000004e-01
4.0542458090000000e+03	7.2460999999999998e-01
4.0574206170000002e+03	7.2460999999999998e-01
4.0606003999999998e+03	7.2460000000000002e-01
4.0637851719999999e+03	7.2460000000000002e-01
4.0669584030000001e+03	7.2460000000000002e-01
4.0701531599999998e+03	7.2458999999999996e-01
4.0733529400000002e+03	7.2458000000000000e-01
4.0765577549999998e+03	7.2458000000000000e-01
4.0797676160000001e+03	7.2457000000000005e-01
4.0829825369999999e+03	7.2455999999999998e-01
4.0862025290000001e+03	7.2455000000000003e-01
4.0894108790000000e+03	7.2453999999999996e-01
4.0926410219999998e+03	7.2452000000000005e-01
4.0958762720000000e+03	7.2450999999999999e-01
4.0991166400000002e+03	7.2448999999999997e-01
4.1023621400000002e+03	7.2448000000000001e-01
4.1056127829999996e+03	7.2446999999999995e-01
4.1088685820000001e+03	7.2446999999999995e-01
4.1121126389999999e+03	7.2443000000000002e-01
4.1153787590000002e+03	7.2435000000000005e-01
4.1186500710000000e+03	7.2423000000000004e-01
4.1219265880000003e+03	7.2406999999999999e-01
4.1252083229999998e+03	7.2385999999999995e-01
4.1284952869999997e+03	7.2365999999999997e-01
4.1317704219999996e+03	7.2348999999999997e-01
4.1350678559999997e+03	7.2335000000000005e-01
4.1383705579999996e+03	7.2323999999999999e-01
4.1416785389999995e+03	7.2316000000000003e-01
4.1449918140000000e+03	7.2306999999999999e-01
4.1483103929999997e+03	7.2299000000000002e-01
4.1516170549999997e+03	7.2291000000000005e-01
4.1549462560000002e+03	7.2282000000000002e-01
4.1582808000000005e+03	7.2272999999999998e-01
4.1616207020000002e+03	7.2265999999999997e-01
4.1649659720000000e+03	7.2258000000000000e-01
4.1683166250000004e+03	7.2252000000000005e-01
4.1716726740000004e+03	7.2248000000000001e-01
4.1750167000000001e+03	7.2245000000000004e-01
4.1783835509999999e+03	7.2243000000000002e-01
4.1817558360000003e+03	7.2243999999999997e-01
4.1851335689999996e+03	7.2246999999999995e-01
4.1885167620000002e+03	7.2253000000000001e-01
4.1919054310000001e+03	7.2263999999999995e-01
4.1952995860000001e+03	7.2280999999999995e-01
4.1986816140000001e+03	7.2306999999999999e-01
4.2020867559999997e+03	7.2345000000000004e-01
4.2054974259999999e+03	7.2396000000000005e-01
4.2089136369999997e+03	7.2460000000000002e-01
4.2123354030000000e+03	7.2538000000000002e-01
4.2157627370000000e+03	7.2624999999999995e-01
4.2191778510000004e+03	7.2714000000000001e-01
4.2226163329999999e+03	7.2797999999999996e-01
4.2260604240000002e+03	7.2865999999999997e-01
4.2295101379999996e+03	7.2911999999999999e-01
4.2329654890000002e+03	7.2926999999999997e-01
4.2364264899999998e+03	7.2909000000000002e-01
4.2398931549999998e+03	7.2853999999999997e-01
4.2433474919999999e+03	7.2765000000000002e-01
4.2468254980000002e+03	7.2653000000000001e-01
4.2503092100000003e+03	7.2535000000000005e-01
4.2537986419999997e+03	7.2430000000000005e-01
4.2572938089999998e+03	7.2355000000000003e-01
4.2607947230000000e+03	7.2321999999999997e-01
4.2643014009999997e+03	7.2326999999999997e-01
4.2677956409999997e+03	7.2355999999999998e-01
4.2713138559999998e+03	7.2391000000000005e-01
4.2748378769999999e+03	7.2418000000000005e-01
4.2783677170000001e+03	7.2426999999999997e-01
4.2819033920000002e+03	7.2414000000000001e-01
4.2854449150000000e+03	7.2382999999999997e-01
4.2889923010000002e+03	7.2338999999999998e-01
4.2925271400000001e+03	7.2284000000000004e-01
4.2960862649999999e+03	7.2219999999999995e-01
4.2996512979999998e+03	7.2150000000000003e-01
4.3032222529999999e+03	7.2074000000000005e-01
4.3067991439999996e+03	7.1996000000000004e-01
4.3103819860000003e+03	7.1916999999999998e-01
4.3139707939999998e+03	7.1838999999999997e-01
4.3175469430000003e+03	7.1763999999999994e-01
4.3211476970000003e+03	7.1692000000000000e-01
4.3247544619999999e+03	7.1625000000000005e-01
4.3283672530000003e+03	7.1562000000000003e-01
4.3319860859999999e+03	7.1503000000000005e-01
4.3356109740000002e+03	7.1447000000000005e-01
4.3392231050000000e+03	7.1394000000000002e-01
4.3428601209999997e+03	7.1342000000000005e-01
4.3465032380000002e+03	7.1292999999999995e-01
4.3501524730000001e+03	7.1245000000000003e-01
4.3538078400000004e+03	7.1199999999999997e-01
4.3574693559999996e+03	7.1155999999999997e-01
4.3611180160000004e+03	7.1113999999999999e-01
4.3647918430000000e+03	7.1072000000000002e-01
4.3684718650000004e+03	7.1030000000000004e-01
4.3721580970000005e+03	7.0989999999999998e-01
4.3758505560000003e+03	7.0950000000000002e-01
4.3795492569999997e+03	7.0911999999999997e-01
4.3832542160000003e+03	7.0874999999999999e-01
4.3869462030000004e+03	7.0840999999999998e-01
4.3906636930000004e+03	7.0809000000000000e-01
4.3943874880000003e+03	7.0775999999999994e-01
4.3981176059999998e+03	7.0743999999999996e-01
4.4018540610000000e+03	7.0709999999999995e-01
4.4055968700000003e+03	7.0677000000000001e-01
4.4093460500000001e+03	7.0643000000000000e-01
4.4130821409999999e+03	7.0609000000000000e-01
4.4168440769999997e+03	7.0574999999999999e-01
4.4206124319999999e+03	7.0540999999999998e-01
4.4243872220000003e+03	7.0504000000000000e-01
4.4281684649999997e+03	7.0465999999999995e-01
4.4319561770000000e+03	7.0426000000000000e-01
4.4357306980000003e+03	7.0384999999999998e-01
4.4395313630000001e+03	7.0343000000000000e-01
4.4433385470000003e+03	7.0299999999999996e-01
4.4471522660000001e+03	7.0257999999999998e-01
4.4509725369999996e+03	7.0215000000000005e-01
4.4547993779999997e+03	7.0172999999999996e-01
4.4586328050000002e+03	7.0132000000000005e-01
4.4624529210000001e+03	7.0091999999999999e-01
4.4662995369999999e+03	7.0052999999999999e-01
4.4701527900000001e+03	7.0013999999999998e-01
4.4740126970000001e+03	6.9974999999999998e-01
4.4778792759999997e+03	6.9935999999999998e-01
4.4817525450000003e+03	6.9896999999999998e-01
4.4856325189999998e+03	6.9857000000000002e-01
4.4894990619999999e+03	6.9816999999999996e-01
4.4933924660000002e+03	6.9777000000000000e-01
4.4972926299999999e+03	6.9735999999999998e-01
4.5011995699999998e+03	6.9694000000000000e-01
4.5051133040000004e+03	6.9652000000000003e-01
4.5090338490000004e+03	6.9608999999999999e-01
4.5129612250000000e+03	6.9565999999999995e-01
4.5168750449999998e+03	6.9523000000000001e-01
4.5208160980000002e+03	6.9479999999999997e-01
4.5247640339999998e+03	6.9437000000000004e-01
4.5287188710000000e+03	6.9393000000000005e-01
4.5326806269999997e+03	6.9350000000000001e-01
4.5366493220000002e+03	6.9306999999999996e-01
4.5406249719999996e+03	6.9262000000000001e-01
4.5445869419999999e+03	6.9218000000000002e-01
4.5485765229999997e+03	6.9174000000000002e-01
4.5525731139999998e+03	6.9130999999999998e-01
4.5565767349999996e+03	6.9086999999999998e-01
4.5605874039999999e+03	6.9044000000000005e-01
4.5646051390000002e+03	6.9001000000000001e-01
4.5686090869999998e+03	6.8957999999999997e-01
4.5726409750000003e+03	6.8913999999999997e-01
4.5766799849999998e+03	6.8871000000000004e-01
4.5807261369999997e+03	6.8825999999999998e-01
4.5847794489999997e+03	6.8781999999999999e-01
4.5888399410000002e+03	6.8735999999999997e-01
4.5929076320000004e+03	6.8689999999999996e-01
4.5969614089999995e+03	6.8644000000000005e-01
4.6010435170000001e+03	6.8598000000000003e-01
4.6051328810000005e+03	6.8552000000000002e-01
4.6092295210000002e+03	6.8506999999999996e-01
4.6133334560000003e+03	6.8462000000000001e-01
4.6174447060000002e+03	6.8416999999999994e-01
4.6215632900000001e+03	6.8372999999999995e-01
4.6256678309999998e+03	6.8328000000000000e-01
4.6298011040000001e+03	6.8283000000000005e-01
4.6339417700000004e+03	6.8237999999999999e-01
4.6380898490000000e+03	6.8193000000000004e-01
4.6422453610000002e+03	6.8147999999999997e-01
4.6464083259999998e+03	6.8101999999999996e-01
4.6505571369999998e+03	6.8056000000000005e-01
4.6547350290000004e+03	6.8010999999999999e-01
4.6589204350000000e+03	6.7967999999999995e-01
4.6631133739999996e+03	6.7925000000000002e-01
4.6673138680000002e+03	6.7883000000000004e-01
4.6715219349999998e+03	6.7842000000000002e-01
4.6757157349999998e+03	6.7800000000000005e-01
4.6799389739999997e+03	6.7757000000000001e-01
4.6841698479999995e+03	6.7712000000000006e-01
4.6884083790000004e+03	6.7664999999999997e-01
4.6926545880000003e+03	6.7613999999999996e-01
4.6969084949999997e+03	6.7561000000000004e-01
4.7011701210000001e+03	6.7503999999999997e-01
4.7054173469999996e+03	6.7442000000000002e-01
4.7096944350000003e+03	6.7374000000000001e-01
4.7139793060000002e+03	6.7303999999999997e-01
4.7182719800000004e+03	6.7227000000000003e-01
4.7225724799999998e+03	6.7144999999999999e-01
4.7268808259999996e+03	6.7054999999999998e-01
4.7311970400000000e+03	6.6956000000000004e-01
4.7354987190000002e+03	6.6842999999999997e-01
4.7398306929999999e+03	6.6717000000000004e-01
4.7441706000000004e+03	6.6576999999999997e-01
4.7485184620000000e+03	6.6425000000000001e-01
4.7528743009999998e+03	6.6263000000000005e-01
4.7572381379999997e+03	6.6095000000000004e-01
4.7615873229999997e+03	6.5922000000000003e-01
4.7659671820000003e+03	6.5747000000000000e-01
4.7703551049999996e+03	6.5569999999999995e-01
4.7747511160000004e+03	6.5390999999999999e-01
4.7791552369999999e+03	6.5207000000000004e-01
4.7835674890000000e+03	6.5017999999999998e-01
4.7879878959999996e+03	6.4824000000000004e-01
4.7923935130000000e+03	6.4620000000000000e-01
4.7968302549999999e+03	6.4405999999999997e-01
4.8012752190000001e+03	6.4180000000000004e-01
4.8057284280000003e+03	6.3939000000000001e-01
4.8101899059999996e+03	6.3680000000000003e-01
4.8146596760000002e+03	6.3402999999999998e-01
4.8191377599999996e+03	6.3109999999999999e-01
4.8236009150000000e+03	6.2802000000000002e-01
4.8280956539999997e+03	6.2487000000000004e-01
4.8325987779999996e+03	6.2166999999999994e-01
4.8371103100000000e+03	6.1848999999999998e-01
4.8416302740000001e+03	6.1534999999999995e-01
4.8461586920000000e+03	6.1221999999999999e-01
4.8506955900000003e+03	6.0907999999999995e-01
4.8552174169999998e+03	6.0587000000000002e-01
4.8597712990000000e+03	6.0258000000000000e-01
4.8643337320000001e+03	5.9919000000000000e-01
4.8689047399999999e+03	5.9574000000000005e-01
4.8734843460000002e+03	5.9228000000000003e-01
4.8780725759999996e+03	5.8884000000000003e-01
4.8826694530000004e+03	5.8543999999999996e-01
4.8872511169999998e+03	5.8203000000000005e-01
4.8918653169999998e+03	5.7859000000000005e-01
4.8964882390000002e+03	5.7509999999999994e-01
4.9011199059999999e+03	5.7155000000000000e-01
4.9057603440000003e+03	5.6798000000000004e-01
4.9104095770000004e+03	5.6447000000000003e-01
4.9150434740000001e+03	5.6105000000000005e-01
4.9197103269999998e+03	5.5776999999999999e-01
4.9243860519999998e+03	5.5461000000000005e-01
4.9290706730000002e+03	5.5154999999999998e-01
4.9337642150000001e+03	5.4854999999999998e-01
4.9384667049999998e+03	5.4561000000000004e-01
4.9431781670000000e+03	5.4268000000000005e-01
4.9478741460000001e+03	5.3974999999999995e-01
4.9526035840000004e+03	5.3681999999999996e-01
4.9573420710000000e+03	5.3393000000000002e-01
4.9620896350000003e+03	5.3105999999999998e-01
4.9668463009999996e+03	5.2827999999999997e-01
4.9716120950000004e+03	5.2561999999999998e-01
4.9763870429999997e+03	5.2307999999999999e-01
4.9811463610000001e+03	5.2063999999999999e-01
4.9859396500000003e+03	5.1824999999999999e-01
4.9907421729999996e+03	5.1587000000000005e-01
4.9955539570000001e+03	5.1348000000000005e-01
5.0003750280000004e+03	5.1110000000000000e-01
5.0052054140000000e+03	5.0875999999999999e-01
5.0100200400000003e+03	5.0648000000000004e-01
5.0148690870000000e+03	5.0429999999999997e-01
5.0197275289999998e+03	5.0219999999999998e-01
5.0245953939999999e+03	5.0012000000000001e-01
5.0294727100000000e+03	4.9804999999999999e-01
5.0343595040000000e+03	4.9597000000000002e-01
5.0392304089999998e+03	4.9389000000000000e-01
5.0441361919999999e+03	4.9182999999999999e-01
5.0490515359999999e+03	4.8981999999999998e-01
5.0539764690000002e+03	4.8787999999999998e-01
5.0589110190000001e+03	4.8602000000000001e-01
5.0638552140000002e+03	4.8425000000000001e-01
5.0688090830000001e+03	4.8257000000000000e-01
5.0737469110000002e+03	4.8093000000000002e-01
5.0787201630000000e+03	4.7930000000000000e-01
5.0837031729999999e+03	4.7764000000000001e-01
5.0886959710000001e+03	4.7592000000000001e-01
5.0936985850000001e+03	4.7415000000000002e-01
5.0987110460000004e+03	4.7238000000000002e-01
5.1037333810000000e+03	4.7065000000000001e-01
5.1087395210000004e+03	4.6894999999999998e-01
5.1137816419999999e+03	4.6728999999999998e-01
5.1188337250000004e+03	4.6566000000000002e-01
5.1238958000000002e+03	4.6405000000000002e-01
5.1289678979999999e+03	4.6249000000000001e-01
5.1340500469999997e+03	4.6096999999999999e-01
5.1391422769999999e+03	4.5945000000000003e-01
5.1442181559999999e+03	4.5791999999999999e-01
5.1493305870000004e+03	4.5634000000000002e-01
5.1544531900000002e+03	4.5462999999999998e-01
5.1595859950000004e+03	4.5285999999999998e-01
5.1647290320000002e+03	4.5113999999999999e-01
5.1698823329999996e+03	4.4950000000000001e-01
5.1750459289999999e+03	4.4801000000000002e-01
5.1801930140000004e+03	4.4677000000000000e-01
5.1853772360000003e+03	4.4577000000000000e-01
5.1905718450000004e+03	4.4496999999999998e-01
5.1957768729999998e+03	4.4436999999999999e-01
5.2009923490000001e+03	4.4385999999999998e-01
5.2061912030000003e+03	4.4327000000000000e-01
5.2114276179999997e+03	4.4261000000000000e-01
5.2166745790000004e+03	4.4185999999999998e-01
5.2219321149999996e+03	4.4097999999999998e-01
5.2272002590000002e+03	4.4008000000000003e-01
5.2324790439999997e+03	4.3930999999999998e-01
5.2377685009999996e+03	4.3864999999999998e-01
5.2430411740000000e+03	4.3806000000000000e-01
5.2483520170000002e+03	4.3756000000000000e-01
5.2536736309999997e+03	4.3712000000000001e-01
5.2590060480000002e+03	4.3674000000000002e-01
5.2643492999999999e+03	4.3637999999999999e-01
5.2697034210000002e+03	4.3614999999999998e-01
5.2750684440000005e+03	4.3606000000000000e-01
5.2804165190000003e+03	4.3598999999999999e-01
5.2858033889999997e+03	4.3591000000000002e-01
5.2912012610000002e+03	4.3584000000000001e-01
5.2966101689999996e+03	4.3565999999999999e-01
5.3020301470000004e+03	4.3536999999999998e-01
5.3074612289999995e+03	4.3507000000000001e-01
5.3129034490000004e+03	4.3479000000000001e-01
5.3183285560000004e+03	4.3453000000000003e-01
5.3237930960000003e+03	4.3441999999999997e-01
5.3292688779999999e+03	4.3454999999999999e-01
5.3347559350000001e+03	4.3487999999999999e-01
5.3402543029999997e+03	4.3530000000000002e-01
5.3457640170000004e+03	4.3575000000000003e-01
5.3512851110000001e+03	4.3608999999999998e-01
5.3567889260000002e+03	4.3611000000000000e-01
5.3623328289999999e+03	4.3583000000000000e-01
5.3678882190000004e+03	4.3542999999999998e-01
5.3734551320000000e+03	4.3498999999999999e-01
5.3790336029999999e+03	4.3457000000000001e-01
5.3846236689999996e+03	4.3430999999999997e-01
5.3901963109999997e+03	4.3424000000000001e-01
5.3958096139999998e+03	4.3440000000000001e-01
5.4014346210000003e+03	4.3489000000000000e-01
5.4070713679999999e+03	4.3554999999999999e-01
5.4127198920000001e+03	4.3620999999999999e-01
5.4183802290000003e+03	4.3678000000000000e-01
5.4240229980000004e+03	4.3702000000000002e-01
5.4297070130000002e+03	4.3664999999999998e-01
5.4354029540000001e+03	4.3600000000000000e-01
5.4411108569999997e+03	4.3548999999999999e-01
5.4468307619999996e+03	4.3515999999999999e-01
5.4525627039999999e+03	4.3502000000000002e-01
5.4583067240000000e+03	4.3526999999999999e-01
5.4640330029999996e+03	4.3558999999999998e-01
5.4698012269999999e+03	4.3558000000000002e-01
5.4755816439999999e+03	4.3525999999999998e-01
5.4813742899999997e+03	4.3476999999999999e-01
5.4871792059999998e+03	4.3402000000000002e-01
5.4929964300000001e+03	4.3321999999999999e-01
5.4988260010000004e+03	4.3264000000000002e-01
5.5046376570000002e+03	4.3225999999999998e-01
5.5104919769999997e+03	4.3193999999999999e-01
5.5163587619999998e+03	4.3173000000000000e-01
5.5222380530000000e+03	4.3158999999999997e-01
5.5281298889999998e+03	4.3145000000000000e-01
5.5340343110000003e+03	4.3131999999999998e-01
5.5399513589999997e+03	4.3125000000000002e-01
5.5458503170000004e+03	4.3121999999999999e-01
5.5517926740000003e+03	4.3132999999999999e-01
5.5577477779999999e+03	4.3154999999999999e-01
5.5637156720000003e+03	4.3174000000000001e-01
5.5696963960000003e+03	4.3182999999999999e-01
5.5756899919999996e+03	4.3186999999999998e-01
5.5816965010000004e+03	4.3163000000000001e-01
5.5876847429999998e+03	4.3095000000000000e-01
5.5937171369999996e+03	4.3014999999999998e-01
5.5997625699999999e+03	4.2942999999999998e-01
5.6058210849999996e+03	4.2869000000000002e-01
5.6118927229999999e+03	4.2814000000000002e-01
5.6179775280000003e+03	4.2824000000000001e-01
5.6240439130000004e+03	4.2867000000000000e-01
5.6301551110000000e+03	4.2925999999999997e-01
5.6362796049999997e+03	4.2999999999999999e-01
5.6424174370000001e+03	4.3047999999999997e-01
5.6485686530000003e+03	4.3029000000000001e-01
5.6547332950000000e+03	4.2969000000000002e-01
5.6608793610000002e+03	4.2877999999999999e-01
5.6670709180000003e+03	4.2770999999999998e-01
5.6732760330000001e+03	4.2687000000000003e-01
5.6794947519999996e+03	4.2631000000000002e-01
5.6857271190000001e+03	4.2607000000000000e-01
5.6919731789999996e+03	4.2620000000000002e-01
5.6982329780000000e+03	4.2642999999999998e-01
5.7044740190000002e+03	4.2658000000000001e-01
5.7107613590000001e+03	4.2668000000000000e-01
5.7170625730000002e+03	4.2631999999999998e-01
5.7233777090000003e+03	4.2552000000000001e-01
5.7297068110000000e+03	4.2449999999999999e-01
5.7360499270000000e+03	4.2363000000000001e-01
5.7424071020000001e+03	4.2340000000000000e-01
5.7487453360000000e+03	4.2370999999999998e-01
5.7551306990000003e+03	4.2399999999999999e-01
5.7615302620000002e+03	4.2423000000000000e-01
5.7679440740000000e+03	4.2381999999999997e-01
5.7743721809999997e+03	4.2191000000000001e-01
5.7808146319999996e+03	4.1916999999999999e-01
5.7872379830000000e+03	4.1646000000000000e-01
5.7937091909999999e+03	4.1437000000000002e-01
5.8001948869999997e+03	4.1338999999999998e-01
5.8066951190000000e+03	4.1360999999999998e-01
5.8132099380000000e+03	4.1442000000000001e-01
5.8197393920000004e+03	4.1515999999999997e-01
5.8262835299999997e+03	4.1482999999999998e-01
5.8328083809999998e+03	4.1309000000000001e-01
5.8393819599999997e+03	4.1071999999999997e-01
5.8459703730000001e+03	4.0823999999999999e-01
5.8525736690000003e+03	4.0655000000000002e-01
5.8591918999999998e+03	4.0616000000000002e-01
5.8658251160000000e+03	4.0688000000000002e-01
5.8724733679999999e+03	4.0825000000000000e-01
5.8791021440000004e+03	4.0953000000000001e-01
5.8857805429999999e+03	4.0925000000000000e-01
5.8924741320000003e+03	4.0728999999999999e-01
5.8991829630000002e+03	4.0427000000000002e-01
5.9059070879999999e+03	4.0064000000000000e-01
5.9126465600000001e+03	3.9773999999999998e-01
5.9194014299999999e+03	3.9610000000000001e-01
5.9261366330000001e+03	3.9545000000000002e-01
5.9329223800000000e+03	3.9529999999999998e-01
5.9397236839999996e+03	3.9495000000000002e-01
5.9465406000000003e+03	3.9329999999999998e-01
5.9533731809999999e+03	3.9094000000000001e-01
5.9602214819999999e+03	3.8865000000000000e-01
5.9670855560000000e+03	3.8663999999999998e-01
5.9739297699999997e+03	3.8464999999999999e-01
5.9808254740000002e+03	3.8290999999999997e-01
5.9877371139999996e+03	3.8138000000000000e-01
5.9946647480000001e+03	3.7933000000000000e-01
6.0016084309999997e+03	3.7658000000000003e-01
6.0085682180000003e+03	3.7400000000000000e-01
6.0155079800000003e+03	3.7241999999999997e-01
6.0225000600000003e+03	3.7213000000000002e-01
6.0295084139999999e+03	3.7286000000000002e-01
6.0365330979999999e+03	3.7430000000000002e-01
6.0435741699999999e+03	3.7633000000000000e-01
6.0506316859999997e+03	3.7747000000000003e-01
6.0576690090000002e+03	3.7587999999999999e-01
6.0647595019999999e+03	3.7265999999999999e-01
6.0718666130000001e+03	3.6886999999999998e-01
6.0789904010000000e+03	3.6425999999999997e-01
6.0861309250000004e+03	3.5998999999999998e-01
6.0932882430000000e+03	3.5735000000000000e-01
6.1004624150000000e+03	3.5550999999999999e-01
6.1076161970000003e+03	3.5383999999999999e-01
6.1148241680000001e+03	3.5214000000000001e-01
6.1220491720000000e+03	3.4958000000000000e-01
6.1292912699999997e+03	3.4654000000000001e-01
6.1365505219999995e+03	3.4375000000000000e-01
6.1438269899999996e+03	3.4104000000000001e-01
6.1511207340000001e+03	3.3882000000000001e-01
6.1583938909999997e+03	3.3779999999999999e-01
6.1657222840000004e+03	3.3693000000000001e-01
6.1730681379999996e+03	3.3554000000000000e-01
6.1804315180000003e+03	3.3396999999999999e-01
6.1878124850000004e+03	3.3179999999999998e-01
6.1952111020000002e+03	3.2841999999999999e-01
6.2026274329999997e+03	3.2482000000000000e-01
6.2100229769999996e+03	3.2157000000000002e-01
6.2174748350000000e+03	3.1841999999999998e-01
6.2249445980000000e+03	3.1557000000000002e-01
6.2324323310000000e+03	3.1336999999999998e-01
6.2399381000000003e+03	3.1141000000000002e-01
6.2474619690000000e+03	3.0939000000000000e-01
6.2550040030000000e+03	3.0734000000000000e-01
6.2625250500000002e+03	3.0535000000000001e-01
6.2701035190000002e+03	3.0337999999999998e-01
6.2777003530000002e+03	3.0137000000000003e-01
6.2853156170000002e+03	2.9941000000000001e-01
6.2929493800000000e+03	2.9754000000000003e-01
6.3006017069999998e+03	2.9580000000000001e-01
6.3082328749999997e+03	2.9471000000000003e-01
6.3159224400000003e+03	2.9464000000000001e-01
6.3236307760000000e+03	2.9505999999999999e-01
6.3313579499999996e+03	2.9571999999999998e-01
6.3391040309999998e+03	2.9680000000000001e-01
6.3468690889999998e+03	2.9731999999999997e-01
6.3546128129999997e+03	2.9631999999999997e-01
6.3624159369999998e+03	2.9482000000000003e-01
6.3702382470000002e+03	2.9342000000000001e-01
6.3780798150000001e+03	2.9250999999999999e-01
6.3859407130000000e+03	2.9310999999999998e-01
6.3938210110000000e+03	2.9525000000000001e-01
6.4017207829999998e+03	2.9799999999999999e-01
6.4095990149999998e+03	3.0058000000000001e-01
6.4175378469999996e+03	3.0130000000000001e-01
6.4254963699999998e+03	2.9918000000000000e-01
6.4334746550000000e+03	2.9548999999999997e-01
6.4414727780000003e+03	2.9132000000000002e-01
6.4494908130000003e+03	2.8756999999999999e-01
6.4575288330000003e+03	2.8594000000000003e-01
6.4655451100000000e+03	2.8702000000000000e-01
6.4736232220000002e+03	2.8930000000000000e-01
6.4817215450000003e+03	2.9146000000000000e-01
6.4898401549999999e+03	2.9287000000000002e-01
6.4979791279999999e+03	2.9216999999999999e-01
6.5061385419999997e+03	2.8902000000000000e-01
6.5143184719999999e+03	2.8509000000000001e-01
6.5224764539999996e+03	2.8155000000000002e-01
6.5306975439999997e+03	2.7837000000000001e-01
6.5389393840000002e+03	2.7694000000000002e-01
6.5472020530000000e+03	2.7744000000000002e-01
6.5554856300000001e+03	2.7844999999999998e-01
6.5637901949999996e+03	2.7925000000000000e-01
6.5721158269999996e+03	2.7966000000000002e-01
6.5804193040000000e+03	2.7861999999999998e-01
6.5887872020000004e+03	2.7640999999999999e-01
6.5971764080000003e+03	2.7446999999999999e-01
6.6055870050000003e+03	2.7350999999999998e-01
6.6140190750000002e+03	2.7335999999999999e-01
6.6224726989999999e+03	2.7378000000000002e-01
6.6309039910000001e+03	2.7442000000000000e-01
6.6394008599999997e+03	2.7400999999999998e-01
6.6479195339999997e+03	2.7178999999999998e-01
6.6564600950000004e+03	2.6867000000000002e-01
6.6650226279999997e+03	2.6568000000000003e-01
6.6736072180000001e+03	2.6312999999999998e-01
6.6821692990000001e+03	2.6123000000000002e-01
6.6907981449999997e+03	2.5982000000000000e-01
6.6994493050000001e+03	2.5852000000000003e-01
6.7081228659999997e+03	2.5713000000000003e-01
6.7168189149999998e+03	2.5524999999999998e-01
6.7255375389999999e+03	2.5283000000000000e-01
6.7342788259999998e+03	2.5058000000000002e-01
6.7429973970000001e+03	2.4887999999999999e-01
6.7517841589999998e+03	2.4801999999999999e-01
6.7605938509999996e+03	2.4815999999999999e-01
6.7694265619999996e+03	2.4901000000000001e-01
6.7782823829999998e+03	2.4998999999999999e-01
6.7871614049999998e+03	2.5063000000000002e-01
6.7960637200000001e+03	2.5019000000000002e-01
6.8049431109999996e+03	2.4843999999999999e-01
6.8138921630000004e+03	2.4643999999999999e-01
6.8228647840000003e+03	2.4537000000000000e-01
6.8318610669999998e+03	2.4526999999999999e-01
6.8408811050000004e+03	2.4560000000000001e-01
6.8499249929999996e+03	2.4651000000000001e-01
6.8589928250000003e+03	2.4720000000000000e-01
6.8680375270000004e+03	2.4614000000000000e-01
6.8771534089999996e+03	2.4306000000000000e-01
6.8862935209999996e+03	2.3945000000000000e-01
6.8954579620000004e+03	2.3569999999999999e-01
6.9046468269999996e+03	2.3205000000000001e-01
6.9138602160000000e+03	2.2922000000000001e-01
6.9230982249999997e+03	2.2799000000000000e-01
6.9323128969999998e+03	2.2761000000000001e-01
6.9416003170000004e+03	2.2747000000000001e-01
6.9509126550000001e+03	2.2753999999999999e-01
6.9602500120000004e+03	2.2758000000000000e-01
6.9696124900000004e+03	2.2649000000000000e-01
6.9790001880000000e+03	2.2461999999999999e-01
6.9883643730000003e+03	2.2270000000000001e-01
6.9978026900000004e+03	2.2080000000000000e-01
7.0072665349999997e+03	2.1947000000000000e-01
7.0167560130000002e+03	2.1925000000000000e-01
7.0262712279999996e+03	2.1948000000000001e-01
7.0358122850000000e+03	2.1953000000000000e-01
7.0453296510000000e+03	2.1918000000000001e-01
7.0549225720000004e+03	2.1765000000000001e-01
7.0645416530000002e+03	2.1504999999999999e-01
7.0741869989999996e+03	2.1229999999999999e-01
7.0838587200000002e+03	2.0974000000000001e-01
7.0935569219999998e+03	2.0738000000000001e-01
7.1032817160000004e+03	2.0574999999999999e-01
7.1129826160000002e+03	2.0488999999999999e-01
7.1227607820000003e+03	2.0426000000000000e-01
7.1325658690000000e+03	2.0372999999999999e-01
7.1423979890000001e+03	2.0330999999999999e-01
7.1522572520000003e+03	2.0263000000000000e-01
7.1621437729999998e+03	2.0160000000000000e-01
7.1720576629999996e+03	2.0044999999999999e-01
7.1819474570000002e+03	1.9886999999999999e-01
7.1919162859999997e+03	1.9711000000000001e-01
7.2019128280000004e+03	1.9553999999999999e-01
7.2119371979999996e+03	1.9395000000000001e-01
7.2219895139999999e+03	1.9203000000000001e-01
7.2320698910000001e+03	1.9034000000000001e-01
7.2421259989999999e+03	1.8887000000000001e-01
7.2522627060000004e+03	1.8740000000000001e-01
7.2624278299999996e+03	1.8607000000000001e-01
7.2726214890000001e+03	1.8498999999999999e-01
7.2828438050000004e+03	1.8376000000000001e-01
7.2930948980000003e+03	1.8239000000000000e-01
7.3033748900000001e+03	1.8118000000000001e-01
7.3136304129999999e+03	1.8007999999999999e-01
7.3239684189999998e+03	1.7899000000000001e-01
7.3343356930000000e+03	1.7806000000000000e-01
7.3447323580000002e+03	1.7696999999999999e-01
7.3551585400000004e+03	1.7541000000000001e-01
7.3656143659999998e+03	1.7362000000000000e-01
7.3760999609999999e+03	1.7182000000000000e-01
7.3865608910000001e+03	1.6997999999999999e-01
7.3971062519999996e+03	1.6828000000000001e-01
7.4076817659999997e+03	1.6685000000000000e-01
7.4182875620000004e+03	1.6572000000000001e-01
7.4289237720000001e+03	1.6483999999999999e-01
7.4395905249999996e+03	1.6413000000000000e-01
7.4502879540000004e+03	1.6347000000000000e-01
7.4609605240000001e+03	1.6275000000000001e-01
7.4717195419999998e+03	1.6164999999999999e-01
7.4825096340000000e+03	1.6006999999999999e-01
7.4933309350000000e+03	1.5820000000000001e-01
7.5041835819999997e+03	1.5626999999999999e-01
7.5150677109999997e+03	1.5440999999999999e-01
7.5259834579999997e+03	1.5279999999999999e-01
7.5368741570000002e+03	1.5150000000000000e-01
7.5478533900000002e+03	1.5040000000000001e-01
7.5588646589999998e+03	1.4937000000000000e-01
7.5699081010000000e+03	1.4834000000000000e-01
7.5809838600000003e+03	1.4724999999999999e-01
7.5920920770000002e+03	1.4596999999999999e-01
7.6031750860000002e+03	1.4452000000000001e-01
7.6143484779999999e+03	1.4298000000000000e-01
7.6255547589999996e+03	1.4130999999999999e-01
7.6367940740000004e+03	1.3958999999999999e-01
7.6480665689999996e+03	1.3794999999999999e-01
7.6593723909999999e+03	1.3639000000000001e-01
7.6706528490000001e+03	1.3485000000000000e-01
7.6820255969999998e+03	1.3336999999999999e-01
7.6934321170000003e+03	1.3195999999999999e-01
7.7048725610000001e+03	1.3062000000000001e-01
7.7163470809999999e+03	1.2936000000000000e-01
7.7278558290000001e+03	1.2814000000000000e-01
7.7393989579999998e+03	1.2695999999999999e-01
7.7509165460000004e+03	1.2575000000000000e-01
7.7625287209999997e+03	1.2447999999999999e-01
7.7741757429999998e+03	1.2307999999999999e-01
7.7858577679999999e+03	1.2157000000000000e-01
7.7975749539999997e+03	1.1996000000000000e-01
7.8093274609999999e+03	1.1821000000000000e-01
7.8211154470000001e+03	1.1635000000000000e-01
7.8328777209999998e+03	1.1441999999999999e-01
7.8447369660000004e+03	1.1246000000000000e-01
7.8566321760000001e+03	1.1057000000000000e-01
7.8685635149999998e+03	1.0888000000000000e-01
7.8805311480000000e+03	1.0745000000000000e-01
7.8925352400000002e+03	1.0627000000000000e-01
7.9045759589999998e+03	1.0523000000000000e-01
7.9165907989999996e+03	1.0417000000000000e-01
7.9287050840000002e+03	1.0288000000000000e-01
7.9408565010000002e+03	1.0124000000000000e-01
7.9530452210000003e+03	9.9250000000000005e-02
7.9652714169999999e+03	9.7040000000000001e-02
7.9775352610000000e+03	9.4750000000000001e-02
7.9897730899999997e+03	9.2549999999999993e-02
8.0021125579999998e+03	9.0600000000000000e-02
8.0144901980000004e+03	8.8940000000000005e-02
8.0269061899999997e+03	8.7520000000000001e-02
8.0393607099999999e+03	8.6330000000000004e-02
8.0518539389999996e+03	8.5309999999999997e-02
8.0643210239999999e+03	8.4379999999999997e-02
8.0768920120000002e+03	8.3489999999999995e-02
8.0895022529999997e+03	8.2610000000000003e-02
8.1021519319999998e+03	8.1720000000000001e-02
8.1148412330000001e+03	8.0820000000000003e-02
8.1275703439999997e+03	7.9880000000000007e-02
8.1403394520000002e+03	7.8880000000000006e-02
8.1530822730000000e+03	7.7820000000000000e-02
8.1659317330000003e+03	7.6670000000000002e-02
8.1788217590000004e+03	7.5389999999999999e-02
8.1917525439999999e+03	7.4020000000000002e-02
8.2047242800000004e+03	7.2580000000000006e-02
8.2177371640000001e+03	7.1090000000000000e-02
8.2307913910000007e+03	6.9589999999999999e-02
8.2438191970000007e+03	6.8129999999999996e-02
8.2569564859999991e+03	6.6680000000000003e-02
8.2701357129999997e+03	6.5259999999999999e-02
8.2833570789999994e+03	6.3880000000000006e-02
8.2966207859999995e+03	6.2539999999999998e-02
8.3099270390000001e+03	6.1210000000000001e-02
8.3232760409999992e+03	5.9880000000000003e-02
8.3365985010000004e+03	5.8510000000000000e-02
8.3500334000000003e+03	5.7009999999999998e-02
8.3635116710000002e+03	5.5359999999999999e-02
8.3770335250000007e+03	5.3589999999999999e-02
8.3905991730000005e+03	5.1749999999999997e-02
8.4042088280000007e+03	4.9889999999999997e-02
8.4178627049999996e+03	4.8140000000000002e-02
8.4314899289999994e+03	4.6480000000000000e-02
8.4452326659999999e+03	4.4880000000000003e-02
8.4590202759999993e+03	4.3310000000000001e-02
8.4728529789999993e+03	4.1750000000000002e-02
8.4867309960000002e+03	4.0120000000000003e-02
8.5006545499999993e+03	3.8449999999999998e-02
8.5145513680000004e+03	3.6729999999999999e-02
8.5285664330000000e+03	3.5000000000000003e-02
8.5426277119999995e+03	3.3250000000000002e-02
8.5567354340000002e+03	3.1500000000000000e-02
8.5708898300000001e+03	2.9780000000000001e-02
8.5850911309999992e+03	2.8090000000000000e-02
8.5992656229999993e+03	2.6440000000000002e-02
8.6135611910000007e+03	2.4830000000000001e-02
8.6279043679999995e+03	2.3259999999999999e-02
8.6422953940000007e+03	2.1749999999999999e-02
8.6567345069999992e+03	2.0279999999999999e-02
8.6712219490000007e+03	1.8870000000000001e-02
8.6857579630000000e+03	1.7540000000000000e-02
8.7002670980000003e+03	1.6270000000000000e-02
8.7149007369999999e+03	1.5060000000000000e-02
8.7295836859999999e+03	1.3930000000000000e-02
8.7443161940000009e+03	1.2869999999999999e-02
8.7590985139999993e+03	1.1860000000000001e-02
8.7739308970000002e+03	1.0930000000000000e-02
8.7888135980000006e+03	1.0100000000000000e-02
8.8036693689999993e+03	9.3200000000000002e-03
8.8186532150000003e+03	8.6300000000000005e-03
8.8336881529999991e+03	8.0099999999999998e-03
8.8487744449999991e+03	7.4700000000000001e-03
8.8639123540000001e+03	7.0099999999999997e-03
8.8791021450000007e+03	6.6200000000000000e-03
8.8943440869999995e+03	6.2700000000000004e-03
8.9095590659999998e+03	5.9199999999999999e-03
8.9249058420000001e+03	5.5399999999999998e-03
8.9403055800000002e+03	5.1399999999999996e-03
8.9557585529999997e+03	4.7299999999999998e-03
8.9712650379999995e+03	4.4099999999999999e-03
8.9868253139999997e+03	4.2500000000000003e-03
9.0024396610000003e+03	4.1900000000000001e-03
9.0180270359999995e+03	4.1599999999999996e-03
9.0337500899999995e+03	4.1599999999999996e-03
9.0495280669999993e+03	4.0200000000000001e-03
9.0653612549999998e+03	3.7100000000000002e-03
9.0812499430000007e+03	3.3500000000000001e-03
9.0971944249999997e+03	3.0300000000000001e-03
9.1131119450000006e+03	2.7599999999999999e-03
9.1291686069999996e+03	2.6199999999999999e-03
9.1452819490000002e+03	2.6199999999999999e-03
9.1614522730000008e+03	2.6500000000000000e-03
9.1776798830000007e+03	2.6600000000000000e-03
9.1939650810000003e+03	2.6099999999999999e-03
9.2103081770000008e+03	2.4800000000000000e-03
9.2266243470000009e+03	2.2499999999999998e-03
9.2430838619999995e+03	1.9000000000000000e-03
9.2596022069999999e+03	1.5000000000000000e-03
9.2761796979999999e+03	1.0800000000000000e-03
9.2928166529999999e+03	6.7000000000000002e-04
9.3095133920000007e+03	3.6999999999999999e-04
9.3262702379999992e+03	2.4000000000000001e-04
9.3430002239999994e+03	2.5999999999999998e-04
9.3598779470000009e+03	4.2999999999999999e-04
9.3768167580000008e+03	7.9000000000000001e-04
9.3938169899999994e+03	1.2199999999999999e-03
9.4108789760000000e+03	1.6999999999999999e-03
9.4280030549999992e+03	2.2300000000000002e-03
9.4451003540000002e+03	2.7399999999999998e-03
9.4623493120000003e+03	3.2599999999999999e-03
9.4796613859999998e+03	3.8000000000000000e-03
9.4970369240000000e+03	4.4099999999999999e-03
9.5144762759999994e+03	5.1200000000000004e-03
9.5319797920000001e+03	5.9300000000000004e-03
9.5494566360000008e+03	6.8399999999999997e-03
9.5670892129999993e+03	7.8899999999999994e-03
9.5847870260000000e+03	9.0799999999999995e-03
9.6025504369999999e+03	1.0359999999999999e-02
9.6203798129999996e+03	1.1730000000000001e-02
9.6382755199999992e+03	1.3240000000000000e-02
9.6562379299999993e+03	1.4810000000000000e-02
9.6741738260000002e+03	1.6369999999999999e-02
9.6922704140000005e+03	1.7909999999999999e-02
9.7104348329999993e+03	1.9429999999999999e-02
9.7286674640000001e+03	2.0809999999999999e-02
9.7469686930000007e+03	2.2060000000000000e-02
9.7653389060000009e+03	2.3259999999999999e-02
9.7837784950000005e+03	2.4430000000000000e-02
9.8021917699999995e+03	2.5550000000000000e-02
9.8207709309999991e+03	2.6749999999999999e-02
9.8394206549999999e+03	2.8049999999999999e-02
9.8581413460000003e+03	2.9460000000000000e-02
9.8769334099999996e+03	3.0960000000000001e-02
9.8957972549999995e+03	3.2610000000000000e-02
9.9147332939999997e+03	3.4340000000000002e-02
9.9336432629999999e+03	3.6089999999999997e-02
9.9527245579999999e+03	3.7850000000000002e-02
9.9718793000000005e+03	3.9570000000000001e-02
9.9911079140000002e+03	4.1209999999999997e-02
1.0010390789999999e+04	4.2790000000000002e-02
1.0029748229999999e+04	4.4319999999999998e-02
1.0049190790000001e+04	4.5820000000000000e-02
1.0068698730000000e+04	4.7370000000000002e-02
1.0088292740000001e+04	4.9000000000000002e-02
1.0107952939999999e+04	5.0729999999999997e-02
1.0127700170000000e+04	5.2600000000000001e-02
1.0147514420000000e+04	5.4579999999999997e-02
1.0167416680000000e+04	5.6649999999999999e-02
1.0187386790000000e+04	5.8729999999999997e-02
1.0207445920000000e+04	6.0780000000000001e-02
1.0227573740000000e+04	6.2770000000000006e-02
1.0247791600000000e+04	6.4640000000000003e-02
1.0268079009999999e+04	6.6390000000000005e-02
1.0288457479999999e+04	6.8059999999999996e-02
1.0308906380000000e+04	6.9660000000000000e-02
1.0329447399999999e+04	7.1220000000000006e-02
1.0350059719999999e+04	7.2720000000000007e-02
1.0370765230000001e+04	7.4149999999999994e-02
1.0391542949999999e+04	7.5439999999999993e-02
1.0412414930000001e+04	7.6579999999999995e-02
1.0433360040000000e+04	7.7499999999999999e-02
1.0454400519999999e+04	7.8210000000000002e-02
1.0475515050000000e+04	7.8729999999999994e-02
1.0496726070000001e+04	7.9079999999999998e-02
1.0518012100000000e+04	7.9320000000000002e-02
1.0539395730000000e+04	7.9500000000000001e-02
1.0560855340000000e+04	7.9649999999999999e-02
1.0582413720000000e+04	7.9810000000000006e-02
1.0604049050000000e+04	7.9930000000000001e-02
1.0625784320000001e+04	8.0000000000000002e-02
1.0647597529999999e+04	8.0000000000000002e-02
1.0669511870000000e+04	7.9899999999999999e-02
1.0691505170000000e+04	7.9689999999999997e-02
1.0713600810000000e+04	7.9420000000000004e-02
1.0735776440000000e+04	7.9110000000000000e-02
1.0758055630000001e+04	7.8799999999999995e-02
1.0780415870000001e+04	7.8490000000000004e-02
1.0802880910000000e+04	7.8210000000000002e-02
1.0825428060000000e+04	7.7950000000000005e-02
1.0848081300000000e+04	7.7719999999999997e-02
1.0870817719999999e+04	7.7490000000000003e-02
1.0893661520000000e+04	7.7249999999999999e-02
1.0916589610000001e+04	7.7009999999999995e-02
1.0939626389999999e+04	7.6740000000000003e-02
1.0962748579999999e+04	7.6340000000000005e-02
1.0985980790000000e+04	7.5859999999999997e-02
1.1009299559999999e+04	7.5310000000000002e-02
1.1032729700000000e+04	7.4709999999999999e-02
1.1056247550000000e+04	7.4160000000000004e-02
1.1079878170000000e+04	7.3760000000000006e-02
1.1103597680000001e+04	7.3419999999999999e-02
1.1127431339999999e+04	7.3080000000000006e-02
1.1151355110000000e+04	7.2669999999999998e-02
1.1175394460000000e+04	7.2050000000000003e-02
1.1199525140000000e+04	7.1220000000000006e-02
1.1223772849999999e+04	7.0290000000000005e-02
1.1248113130000000e+04	6.9339999999999999e-02
1.1272571920000000e+04	6.8440000000000001e-02
1.1297124540000001e+04	6.7620000000000000e-02
1.1321797180000000e+04	6.6900000000000001e-02
1.1346564940000000e+04	6.6170000000000007e-02
1.1371454239999999e+04	6.5390000000000004e-02
1.1396439979999999e+04	6.4630000000000007e-02
1.1421548810000000e+04	6.3969999999999999e-02
1.1446755420000000e+04	6.3450000000000006e-02
1.1472086690000000e+04	6.3170000000000004e-02
1.1497517110000001e+04	6.3200000000000006e-02
1.1523073800000000e+04	6.3430000000000000e-02
1.1548731030000001e+04	6.3799999999999996e-02
1.1574516159999999e+04	6.4259999999999998e-02
1.1600403230000000e+04	6.4750000000000002e-02
1.1626419879999999e+04	6.5210000000000004e-02
1.1652539900000000e+04	6.5619999999999998e-02
1.1678791200000000e+04	6.5979999999999997e-02
1.1705147340000000e+04	6.6269999999999996e-02
1.1731636469999999e+04	6.6470000000000001e-02
1.1758231940000000e+04	6.6549999999999998e-02
1.1784962149999999e+04	6.6600000000000006e-02
1.1811800219999999e+04	6.6629999999999995e-02
1.1838774830000000e+04	6.6629999999999995e-02
1.1865858840000001e+04	6.6580000000000000e-02
1.1893081200000001e+04	6.6540000000000002e-02
1.1920414540000000e+04	6.6489999999999994e-02
1.1947888090000000e+04	6.6409999999999997e-02
1.1975474230000000e+04	6.6330000000000000e-02
1.2003202450000001e+04	6.6269999999999996e-02
1.2031044910000001e+04	6.6239999999999993e-02
1.2059031370000001e+04	6.6220000000000001e-02
1.2087133730000000e+04	6.6199999999999995e-02
1.2115382050000000e+04	6.6159999999999997e-02
1.2143747970000000e+04	6.6059999999999994e-02
1.2172261850000001e+04	6.5890000000000004e-02
1.2200895060000001e+04	6.5670000000000006e-02
1.2229678250000001e+04	6.5439999999999998e-02
1.2258582539999999e+04	6.5229999999999996e-02
1.2287638880000000e+04	6.5129999999999993e-02
1.2316818120000000e+04	6.5089999999999995e-02
1.2346151519999999e+04	6.5089999999999995e-02
1.2375609650000000e+04	6.5140000000000003e-02
1.2405224090000000e+04	6.5210000000000004e-02
1.2434965130000000e+04	6.5229999999999996e-02
1.2464864659999999e+04	6.5259999999999999e-02
1.2494892710000000e+04	6.5320000000000003e-02
1.2525081480000001e+04	6.5430000000000002e-02
1.2555400710000000e+04	6.5610000000000002e-02
1.2585882920000000e+04	6.5850000000000006e-02
1.2616497579999999e+04	6.6140000000000004e-02
1.2647277550000001e+04	6.6430000000000003e-02
1.2678191989999999e+04	6.6600000000000006e-02
1.2709274079999999e+04	6.6650000000000001e-02
1.2740492730000000e+04	6.6669999999999993e-02
1.2771881429999999e+04	6.6689999999999999e-02
1.2803408780000000e+04	6.6750000000000004e-02
1.2835108640000000e+04	6.6949999999999996e-02
1.2866949310000000e+04	6.7299999999999999e-02
1.2898964990000000e+04	6.7739999999999995e-02
1.2931123659999999e+04	6.8250000000000005e-02
1.2963459900000000e+04	6.8839999999999998e-02
1.2995941370000000e+04	6.9489999999999996e-02
1.3028602999999999e+04	7.0160000000000000e-02
1.3061412150000000e+04	7.0830000000000004e-02
1.3094404109999999e+04	7.1510000000000004e-02
1.3127545920000000e+04	7.2169999999999998e-02
1.3160873250000001e+04	7.2830000000000006e-02
1.3194352820000000e+04	7.3480000000000004e-02
1.3228020650000000e+04	7.4130000000000001e-02
1.3261843160000000e+04	7.4770000000000003e-02
1.3295856750000001e+04	7.5410000000000005e-02
1.3330027490000000e+04	7.6030000000000000e-02
1.3364392180000001e+04	7.6649999999999996e-02
1.3398916560000000e+04	7.7280000000000001e-02
1.3433637830000000e+04	7.7880000000000005e-02
1.3468521370000000e+04	7.8450000000000006e-02
1.3503604789999999e+04	7.8990000000000005e-02
1.3538853120000000e+04	7.9509999999999997e-02
1.3574304380000000e+04	8.0009999999999998e-02
1.3609923269999999e+04	8.0509999999999998e-02
1.3645748190000000e+04	8.1019999999999995e-02
1.3681743490000001e+04	8.1549999999999997e-02
1.3717948010000000e+04	8.2089999999999996e-02
1.3754325740000000e+04	8.2640000000000005e-02
1.3790915919999999e+04	8.3190000000000000e-02
1.3827682190000000e+04	8.3790000000000003e-02
1.3864664240000000e+04	8.4419999999999995e-02
1.3901825310000000e+04	8.5089999999999999e-02
1.3939205550000001e+04	8.5790000000000005e-02
1.3976767819999999e+04	8.6510000000000004e-02
1.4014552710000000e+04	8.7230000000000002e-02
1.4052522709999999e+04	8.7929999999999994e-02
1.4090718870000001e+04	8.8599999999999998e-02
1.4129103270000000e+04	8.9260000000000006e-02
1.4167717440000000e+04	8.9910000000000004e-02
1.4206523069999999e+04	9.0560000000000002e-02
1.4245562150000000e+04	9.1219999999999996e-02
1.4284795980000001e+04	9.1899999999999996e-02
1.4324246510000001e+04	9.2590000000000006e-02
1.4363936180000001e+04	9.3289999999999998e-02
1.4403825660000000e+04	9.3979999999999994e-02
1.4443958160000000e+04	9.4680000000000000e-02
1.4484293960000001e+04	9.5380000000000006e-02
1.4524876759999999e+04	9.6110000000000001e-02
1.4565687610000001e+04	9.6900000000000000e-02
1.4606707109999999e+04	9.7809999999999994e-02
1.4647979750000000e+04	9.8820000000000005e-02
1.4689464720000000e+04	9.9940000000000001e-02
1.4731207030000000e+04	1.0112000000000000e-01
1.4773165429999999e+04	1.0228000000000000e-01
1.4815385480000001e+04	1.0335999999999999e-01
1.4857825470000000e+04	1.0437000000000000e-01
1.4900531499999999e+04	1.0532000000000000e-01
1.4943461410000000e+04	1.0625000000000000e-01
1.4986661870000000e+04	1.0718000000000000e-01
1.5030090240000000e+04	1.0809000000000001e-01
1.5073771040000000e+04	1.0891000000000001e-01
1.5117729320000000e+04	1.0961000000000000e-01
1.5161921740000000e+04	1.1019000000000000e-01
1.5206396419999999e+04	1.1070000000000001e-01
1.5251109520000000e+04	1.1125000000000000e-01
1.5296109740000000e+04	1.1194999999999999e-01
1.5341352770000000e+04	1.1282000000000000e-01
1.5386887909999999e+04	1.1386000000000000e-01
1.5432670350000000e+04	1.1501000000000000e-01
1.5478750000000000e+04	1.1620000000000000e-01
1.5525081550000001e+04	1.1737000000000000e-01
1.5571715539999999e+04	1.1851000000000000e-01
1.5618630530000000e+04	1.1963000000000000e-01
1.5665804529999999e+04	1.2078999999999999e-01
1.5713289040000000e+04	1.2200999999999999e-01
1.5761037450000000e+04	1.2331000000000000e-01
1.5809101930000001e+04	1.2470000000000001e-01
1.5857435310000001e+04	1.2617999999999999e-01
1.5906090440000000e+04	1.2775000000000000e-01
1.5955019609999999e+04	1.2945000000000001e-01
1.6004276340000000e+04	1.3131000000000001e-01
1.6053812379999999e+04	1.3335000000000000e-01
1.6103656010000001e+04	1.3560000000000000e-01
1.6153836209999999e+04	1.3804000000000000e-01
1.6204303860000000e+04	1.4061999999999999e-01
1.6255114270000000e+04	1.4326000000000000e-01
1.6306217720000001e+04	1.4595000000000000e-01
1.6357670280000000e+04	1.4865000000000000e-01
1.6409421630000001e+04	1.5134000000000000e-01
1.6461528579999998e+04	1.5400000000000000e-01
1.6513940240000000e+04	1.5662000000000001e-01
1.6566714160000000e+04	1.5914000000000000e-01
1.6619798830000000e+04	1.6153000000000001e-01
1.6673252600000000e+04	1.6374000000000000e-01
1.6727051319999999e+04	1.6577000000000000e-01
1.6781170180000001e+04	1.6764000000000001e-01
1.6835668720000001e+04	1.6933000000000001e-01
1.6890493859999999e+04	1.7085000000000000e-01
1.6945705959999999e+04	1.7216999999999999e-01
1.7001251290000000e+04	1.7329000000000000e-01
1.7057191060000001e+04	1.7421000000000000e-01
1.7113470870000001e+04	1.7496000000000000e-01
1.7170123299999999e+04	1.7560999999999999e-01
1.7227181740000000e+04	1.7618000000000000e-01
1.7284590789999998e+04	1.7671999999999999e-01
1.7342413820000002e+04	1.7724000000000001e-01
1.7400594750000000e+04	1.7773000000000000e-01
1.7459197850000000e+04	1.7820000000000000e-01
1.7518166340000000e+04	1.7867000000000000e-01
1.7577565399999999e+04	1.7917000000000000e-01
1.7637337540000000e+04	1.7974999999999999e-01
1.7697548889999998e+04	1.8045000000000000e-01
1.7758141220000001e+04	1.8129999999999999e-01
1.7819181639999999e+04	1.8229999999999999e-01
1.7880611160000000e+04	1.8345000000000000e-01
1.7942497879999999e+04	1.8473999999999999e-01
1.8004782070000001e+04	1.8615000000000001e-01
1.8067532820000000e+04	1.8767000000000000e-01
1.8130689640000001e+04	1.8928000000000000e-01
1.8194322639999999e+04	1.9095000000000001e-01
1.8258370550000000e+04	1.9266000000000000e-01
1.8322904549999999e+04	1.9436999999999999e-01
1.8387896349999999e+04	1.9600000000000001e-01
1.8453316800000001e+04	1.9752000000000000e-01
1.8519204409999998e+04	1.9886000000000001e-01
1.8585598760000001e+04	2.0002000000000000e-01
1.8652436099999999e+04	2.0099000000000000e-01
1.8719790939999999e+04	2.0185000000000000e-01
1.8787598679999999e+04	2.0260000000000000e-01
1.8855935000000001e+04	2.0326000000000000e-01
1.8924734440000000e+04	2.0383999999999999e-01
1.8994073850000001e+04	2.0433000000000001e-01
1.9063886900000001e+04	2.0474999999999999e-01
1.9134251649999998e+04	2.0515000000000000e-01
1.9205100869999998e+04	2.0560000000000000e-01
1.9276513879999999e+04	2.0616000000000001e-01
1.9348422520000000e+04	2.0688999999999999e-01
1.9420907380000001e+04	2.0782000000000000e-01
1.9493899379999999e+04	2.0891000000000001e-01
1.9567480410000000e+04	2.1013999999999999e-01
1.9641580440000002e+04	2.1153000000000000e-01
1.9716282690000000e+04	2.1304999999999999e-01
1.9791516169999999e+04	2.1467000000000000e-01
1.9867365470000001e+04	2.1643999999999999e-01
1.9943758600000001e+04	2.1837999999999999e-01
2.0020781569999999e+04	2.2047000000000000e-01
2.0098361379999998e+04	2.2273000000000001e-01
2.0176585480000002e+04	2.2517000000000001e-01
2.0255379830000002e+04	2.2781999999999999e-01
2.0334833370000000e+04	2.3077000000000000e-01
2.0414871009999999e+04	2.3413000000000000e-01
2.0495583200000001e+04	2.3794999999999999e-01
2.0576893789999998e+04	2.4221999999999999e-01
2.0658894789999998e+04	2.4690000000000001e-01
2.0741508940000000e+04	2.5187999999999999e-01
2.0824829860000002e+04	2.5699000000000000e-01
2.0908779180000001e+04	2.6210000000000000e-01
2.0993452140000001e+04	2.6718999999999998e-01
2.1078769250000001e+04	2.7216000000000001e-01
2.1164827440000001e+04	2.7688000000000001e-01
2.1251546050000001e+04	2.8128999999999998e-01
