# Spectrum of GJ486 at 1 AU
# WL(nm)	Flux(ergs/cm**2/s/nm)
1.004555e+02	5.751612e-20
1.008574e+02	8.465384e-20
1.012608e+02	9.174832e-20
1.016658e+02	1.352309e-19
1.020725e+02	3.344528e-18
1.024808e+02	9.689330e-19
1.028907e+02	2.921528e-19
1.033023e+02	5.193536e-18
1.037155e+02	4.001191e-19
1.041303e+02	4.072712e-19
1.045469e+02	1.240796e-18
1.049650e+02	4.087203e-19
1.053849e+02	2.226679e-18
1.058064e+02	6.607790e-19
1.062297e+02	3.004303e-18
1.066546e+02	2.828400e-18
1.070812e+02	1.805530e-18
1.075095e+02	1.661963e-17
1.079396e+02	2.418102e-18
1.083713e+02	1.233616e-17
1.088048e+02	8.249389e-18
1.092400e+02	3.426815e-16
1.096770e+02	1.336176e-17
1.101157e+02	1.722464e-17
1.105562e+02	2.111625e-16
1.109984e+02	7.711625e-17
1.114424e+02	3.716886e-17
1.118881e+02	2.229974e-17
1.123357e+02	5.467173e-17
1.127850e+02	5.267221e-15
1.132362e+02	3.639736e-15
1.136891e+02	2.062350e-15
1.141439e+02	2.376851e-15
1.146005e+02	1.549636e-15
1.150589e+02	1.712464e-15
1.155191e+02	1.061474e-15
1.159812e+02	2.821605e-15
1.164451e+02	9.072406e-16
1.169109e+02	1.057094e-15
1.173785e+02	4.330974e-15
1.178480e+02	1.746551e-14
1.183194e+02	7.400409e-15
1.187927e+02	4.248144e-15
1.192679e+02	1.041157e-14
1.197450e+02	2.069657e-14
1.202239e+02	2.936914e-15
1.207048e+02	1.911775e-14
1.211876e+02	1.069054e-14
1.216724e+02	1.771550e-14
1.221591e+02	4.145950e-14
1.226477e+02	1.082138e-13
1.231383e+02	1.952158e-14
1.236309e+02	3.625395e-14
1.241254e+02	2.244344e-14
1.246219e+02	1.221895e-14
1.251204e+02	1.580741e-14
1.256209e+02	2.328449e-14
1.261233e+02	2.295943e-14
1.266278e+02	1.432212e-14
1.271343e+02	7.091971e-14
1.276429e+02	3.773152e-14
1.281535e+02	2.044877e-14
1.286661e+02	2.891542e-14
1.291807e+02	1.540729e-13
1.296975e+02	1.118162e-13
1.302162e+02	4.392223e-14
1.307371e+02	6.155737e-14
1.312601e+02	1.184835e-13
1.317851e+02	1.016157e-13
1.323122e+02	1.722600e-13
1.328415e+02	1.343459e-13
1.333729e+02	1.485985e-13
1.339063e+02	1.620560e-13
1.344420e+02	1.646550e-13
1.349797e+02	3.913801e-13
1.355197e+02	3.633864e-13
1.360617e+02	6.792959e-13
1.366060e+02	4.090924e-13
1.371524e+02	3.937765e-13
1.377010e+02	6.838288e-13
1.382518e+02	1.047548e-12
1.388048e+02	1.158063e-12
1.393601e+02	1.090095e-12
1.399175e+02	8.606070e-13
1.404772e+02	2.533637e-12
1.410391e+02	1.856492e-12
1.416032e+02	5.069913e-12
1.421696e+02	1.228552e-12
1.427383e+02	3.057690e-12
1.433093e+02	2.495245e-11
1.438825e+02	6.774210e-12
1.444580e+02	1.841206e-11
1.450359e+02	1.000094e-11
1.456160e+02	3.368464e-11
1.461985e+02	2.200354e-11
1.467833e+02	1.669578e-11
1.473704e+02	3.421427e-11
1.479599e+02	9.467737e-12
1.485517e+02	2.976951e-11
1.491459e+02	7.792757e-11
1.497425e+02	3.279994e-11
1.503415e+02	2.229089e-10
1.509429e+02	7.499159e-11
1.515466e+02	3.003165e-11
1.521528e+02	1.336048e-10
1.527614e+02	4.291497e-11
1.533725e+02	3.479307e-11
1.539860e+02	5.315077e-11
1.546019e+02	1.609087e-11
1.552203e+02	2.576167e-11
1.558412e+02	2.555094e-11
1.564646e+02	2.305933e-11
1.570904e+02	2.621138e-11
1.577188e+02	2.715068e-11
1.583496e+02	3.077744e-11
1.589830e+02	4.113539e-11
1.596190e+02	3.917294e-11
1.602575e+02	4.527563e-11
1.608985e+02	5.390302e-11
1.615421e+02	5.998276e-11
1.621882e+02	6.820539e-11
1.628370e+02	7.696765e-11
1.634883e+02	8.944356e-11
1.641423e+02	1.032883e-10
1.647989e+02	1.179271e-10
1.654581e+02	1.351039e-10
1.661199e+02	1.581010e-10
1.667844e+02	1.784851e-10
1.674515e+02	2.089748e-10
1.681213e+02	2.581062e-10
1.687938e+02	2.793397e-10
1.694690e+02	3.856592e-10
1.701469e+02	4.037660e-10
1.708274e+02	4.723036e-10
1.715108e+02	5.451759e-10
1.721968e+02	6.063313e-10
1.728856e+02	7.261826e-10
1.735771e+02	7.531829e-10
1.742714e+02	8.284659e-10
1.749685e+02	1.146584e-09
1.756684e+02	1.091393e-09
1.763711e+02	1.547031e-09
1.770766e+02	1.785324e-09
1.777849e+02	1.571639e-09
1.784960e+02	2.362895e-09
1.792100e+02	2.336785e-09
1.799268e+02	2.635292e-09
1.806465e+02	3.731935e-09
1.813691e+02	2.864919e-09
1.820946e+02	3.991122e-09
1.828230e+02	5.813576e-09
1.835543e+02	3.826407e-09
1.842885e+02	5.713550e-09
1.850256e+02	8.700116e-09
1.857657e+02	5.959337e-09
1.865088e+02	1.055197e-08
1.872548e+02	1.024326e-08
1.880039e+02	8.546638e-09
1.887559e+02	1.460966e-08
1.895109e+02	1.319422e-08
1.902689e+02	1.288913e-08
1.910300e+02	2.367485e-08
1.917941e+02	1.991271e-08
1.925613e+02	2.250642e-08
1.933316e+02	3.592310e-08
1.941049e+02	3.198322e-08
1.948813e+02	3.458806e-08
1.956608e+02	5.985779e-08
1.964435e+02	4.220078e-08
1.972292e+02	5.455050e-08
1.980182e+02	8.297102e-08
1.988102e+02	7.009001e-08
1.996055e+02	7.076220e-08
2.004039e+02	8.813223e-08
2.012055e+02	9.770819e-08
2.020103e+02	1.076299e-07
2.028184e+02	1.255472e-07
2.036296e+02	1.141552e-07
2.044442e+02	1.149985e-07
2.052619e+02	1.409105e-07
2.060830e+02	1.403679e-07
2.069073e+02	1.447697e-07
2.077350e+02	1.599722e-07
2.085659e+02	1.801592e-07
2.094002e+02	1.866440e-07
2.102378e+02	2.005013e-07
2.110787e+02	1.954322e-07
2.119230e+02	2.240263e-07
2.127707e+02	2.457732e-07
2.136218e+02	2.751842e-07
2.144763e+02	2.630284e-07
2.153342e+02	3.087092e-07
2.161955e+02	3.562893e-07
2.170603e+02	3.940639e-07
2.179286e+02	3.948183e-07
2.188003e+02	4.368904e-07
2.196755e+02	5.168593e-07
2.205542e+02	5.407348e-07
2.214364e+02	6.908137e-07
2.223221e+02	6.354443e-07
2.232114e+02	9.383033e-07
2.241043e+02	8.597812e-07
2.250007e+02	1.251338e-06
2.259007e+02	1.084726e-06
2.268043e+02	1.327517e-06
2.277115e+02	1.533513e-06
2.286223e+02	1.682152e-06
2.295368e+02	2.497951e-06
2.304550e+02	1.650829e-06
2.313768e+02	2.558992e-06
2.323023e+02	2.560297e-06
2.332315e+02	3.411811e-06
2.341644e+02	3.744263e-06
2.351011e+02	2.451979e-06
2.360415e+02	4.171923e-06
2.369857e+02	2.813775e-06
2.379336e+02	4.939273e-06
2.388854e+02	4.708942e-06
2.398409e+02	7.977397e-06
2.408003e+02	9.608107e-06
2.417635e+02	5.689142e-06
2.427305e+02	1.289915e-05
2.437014e+02	1.186859e-05
2.446762e+02	2.327628e-05
2.456549e+02	1.449830e-05
2.466376e+02	1.833684e-05
2.476241e+02	2.444156e-05
2.486146e+02	9.827592e-06
2.496091e+02	2.193532e-05
2.506075e+02	1.907053e-05
2.516099e+02	2.569126e-05
2.526164e+02	4.275293e-05
2.536268e+02	1.112879e-04
2.546414e+02	1.409943e-04
2.556599e+02	6.791853e-05
2.566826e+02	5.134626e-05
2.577093e+02	6.148651e-05
2.587401e+02	4.732887e-05
2.597751e+02	7.465022e-05
2.608142e+02	7.714669e-05
2.618574e+02	1.498826e-04
2.629049e+02	3.015699e-04
2.639565e+02	3.020766e-04
2.650123e+02	2.929198e-04
2.660724e+02	2.462409e-04
2.671367e+02	2.472089e-04
2.682052e+02	3.093512e-04
2.692780e+02	2.330270e-04
2.703551e+02	4.021534e-04
2.714366e+02	3.688822e-04
2.725223e+02	3.669605e-04
2.736124e+02	4.589232e-04
2.747068e+02	6.202388e-04
2.758057e+02	7.389307e-04
2.769089e+02	1.382400e-03
2.780165e+02	1.161289e-03
2.791286e+02	1.537818e-03
2.802451e+02	1.399860e-03
2.813661e+02	1.327576e-03
2.824916e+02	1.230054e-03
2.836215e+02	1.135585e-03
2.847560e+02	4.797292e-04
2.858950e+02	7.841486e-04
2.870386e+02	1.655840e-03
2.881868e+02	2.837043e-03
2.893395e+02	4.152700e-03
2.904969e+02	4.903785e-03
2.916589e+02	6.091958e-03
2.928255e+02	5.740315e-03
2.939968e+02	6.127359e-03
2.951728e+02	5.301314e-03
2.963535e+02	5.940070e-03
2.975389e+02	6.375438e-03
2.987290e+02	8.634646e-03
2.999240e+02	6.626110e-03
3.011237e+02	1.293524e-02
3.023281e+02	6.788449e-03
3.035375e+02	1.781338e-02
3.047516e+02	1.590516e-02
3.059706e+02	1.836313e-02
3.071945e+02	2.812204e-02
3.084233e+02	3.490754e-02
3.096570e+02	3.206316e-02
3.108956e+02	4.389357e-02
3.121392e+02	4.815183e-02
3.133877e+02	5.724142e-02
3.146413e+02	7.060646e-02
3.158999e+02	6.865337e-02
3.171635e+02	1.015474e-01
3.184321e+02	8.296627e-02
3.197058e+02	7.813070e-02
3.209847e+02	1.031493e-01
3.222686e+02	1.191969e-01
3.235577e+02	1.178549e-01
3.248519e+02	1.468898e-01
3.261513e+02	1.614627e-01
3.274559e+02	1.832384e-01
3.287657e+02	1.981225e-01
3.300808e+02	2.035862e-01
3.314011e+02	2.635491e-01
3.327267e+02	2.692216e-01
3.340576e+02	3.110284e-01
3.353939e+02	2.909265e-01
3.367354e+02	2.815632e-01
3.380824e+02	3.088019e-01
3.394347e+02	3.634682e-01
3.407924e+02	3.616655e-01
3.421556e+02	3.480634e-01
3.435242e+02	2.389796e-01
3.448983e+02	2.793524e-01
3.462779e+02	3.260124e-01
3.476630e+02	2.718550e-01
3.490537e+02	2.965086e-01
3.504499e+02	5.169152e-01
3.518517e+02	4.622228e-01
3.532591e+02	5.775551e-01
3.546722e+02	6.950967e-01
3.560908e+02	3.999780e-01
3.575152e+02	2.780448e-01
3.589453e+02	4.680786e-01
3.603810e+02	6.081427e-01
3.618226e+02	5.136108e-01
3.632699e+02	5.387625e-01
3.647229e+02	4.756437e-01
3.661818e+02	8.743919e-01
3.676466e+02	6.716399e-01
3.691171e+02	7.525667e-01
3.705936e+02	4.632337e-01
3.720760e+02	2.290302e-01
3.735643e+02	2.192379e-01
3.750586e+02	2.581333e-01
3.765588e+02	5.570946e-01
3.780650e+02	1.091278e+00
3.795773e+02	7.180547e-01
3.810956e+02	8.195762e-01
3.826200e+02	3.432436e-01
3.841505e+02	5.868214e-01
3.856871e+02	3.549007e-01
3.872298e+02	6.228934e-01
3.887787e+02	5.766128e-01
3.903338e+02	7.204640e-01
3.918952e+02	7.657056e-01
3.934628e+02	4.575700e-01
3.950366e+02	1.048612e+00
3.966167e+02	7.781681e-01
3.982032e+02	1.366329e+00
3.997960e+02	1.567951e+00
4.013952e+02	1.887023e+00
4.030008e+02	2.160708e+00
4.046128e+02	1.763558e+00
4.062312e+02	1.782806e+00
4.078562e+02	1.994077e+00
4.094876e+02	2.157717e+00
4.111255e+02	2.458414e+00
4.127701e+02	2.232223e+00
4.144211e+02	2.066864e+00
4.160788e+02	2.295235e+00
4.177431e+02	1.861126e+00
4.194141e+02	1.382983e+00
4.210918e+02	7.965746e-01
4.227761e+02	2.216295e-01
4.244672e+02	8.352686e-01
4.261651e+02	1.415345e+00
4.278698e+02	1.678134e+00
4.295812e+02	1.419348e+00
4.312996e+02	1.782009e+00
4.330248e+02	2.288765e+00
4.347569e+02	2.785230e+00
4.364959e+02	2.553974e+00
4.382419e+02	1.995870e+00
4.399948e+02	2.452511e+00
4.417548e+02	2.602468e+00
4.435218e+02	2.139120e+00
4.452959e+02	2.210151e+00
4.470771e+02	2.680388e+00
4.488654e+02	2.744618e+00
4.506609e+02	2.980553e+00
4.524635e+02	2.637014e+00
4.542734e+02	2.779539e+00
4.560905e+02	3.049407e+00
4.579148e+02	3.117918e+00
4.597465e+02	2.662358e+00
4.615855e+02	3.227569e+00
4.634318e+02	2.645657e+00
4.652855e+02	3.004829e+00
4.671467e+02	2.976666e+00
4.690153e+02	3.086003e+00
4.708913e+02	3.431022e+00
4.727749e+02	3.300821e+00
4.746660e+02	3.553622e+00
4.765647e+02	2.614945e+00
4.784709e+02	2.123645e+00
4.803848e+02	2.621335e+00
4.823063e+02	2.717117e+00
4.842356e+02	3.108780e+00
4.861725e+02	3.273434e+00
4.881172e+02	3.735519e+00
4.900697e+02	3.475891e+00
4.920300e+02	3.984899e+00
4.939981e+02	4.635183e+00
4.959741e+02	3.433720e+00
4.979580e+02	3.879671e+00
4.999498e+02	3.350165e+00
5.019496e+02	3.155705e+00
5.039574e+02	3.701879e+00
5.059732e+02	3.188689e+00
5.079971e+02	3.351483e+00
5.100291e+02	3.101572e+00
5.120692e+02	3.132433e+00
5.141175e+02	3.095051e+00
5.161740e+02	2.697227e+00
5.182387e+02	1.946203e+00
5.203116e+02	2.844546e+00
5.223929e+02	4.300778e+00
5.244824e+02	4.286972e+00
5.265804e+02	3.513914e+00
5.286867e+02	4.260864e+00
5.308014e+02	4.303886e+00
5.329246e+02	3.793289e+00
5.350563e+02	4.299451e+00
5.371966e+02	3.853791e+00
5.393453e+02	4.015765e+00
5.415027e+02	4.028600e+00
5.436687e+02	3.598932e+00
5.458434e+02	2.948176e+00
5.480268e+02	3.512680e+00
5.502189e+02	3.309861e+00
5.524198e+02	3.540342e+00
5.546295e+02	3.819481e+00
5.568480e+02	3.746280e+00
5.590754e+02	3.317421e+00
5.613117e+02	2.973314e+00
5.635569e+02	2.587861e+00
5.658111e+02	2.981874e+00
5.680744e+02	2.727599e+00
5.703467e+02	3.107324e+00
5.726281e+02	3.231689e+00
5.749186e+02	3.587801e+00
5.772183e+02	3.339200e+00
5.795271e+02	3.859299e+00
5.818452e+02	3.878421e+00
5.841726e+02	3.718666e+00
5.865093e+02	2.766782e+00
5.888553e+02	1.358015e+00
5.912108e+02	1.829724e+00
5.935756e+02	2.259542e+00
5.959499e+02	2.203351e+00
5.983337e+02	2.550360e+00
6.007270e+02	2.821173e+00
6.031300e+02	3.261339e+00
6.055425e+02	3.831125e+00
6.079646e+02	4.343451e+00
6.103965e+02	4.809629e+00
6.128381e+02	5.107860e+00
6.152894e+02	4.435356e+00
6.177506e+02	3.202408e+00
6.202216e+02	2.739675e+00
6.227025e+02	2.103472e+00
6.251933e+02	2.536084e+00
6.276941e+02	2.863633e+00
6.302048e+02	3.463113e+00
6.327257e+02	4.152508e+00
6.352566e+02	4.352710e+00
6.377976e+02	3.954330e+00
6.403488e+02	5.010977e+00
6.429102e+02	5.673143e+00
6.454818e+02	6.096133e+00
6.480637e+02	6.424180e+00
6.506560e+02	6.596303e+00
6.532586e+02	7.254086e+00
6.558717e+02	6.260892e+00
6.584951e+02	5.931076e+00
6.611291e+02	5.496679e+00
6.637736e+02	4.839349e+00
6.664287e+02	4.452045e+00
6.690945e+02	4.115615e+00
6.717708e+02	4.066533e+00
6.744579e+02	4.189904e+00
6.771557e+02	4.772804e+00
6.798644e+02	4.362787e+00
6.825838e+02	4.384860e+00
6.853142e+02	4.160957e+00
6.880554e+02	3.996221e+00
6.908076e+02	4.311325e+00
6.935709e+02	5.238287e+00
6.963452e+02	6.142656e+00
6.991305e+02	6.690407e+00
7.019271e+02	7.252486e+00
7.047348e+02	8.977470e+00
7.075537e+02	7.980558e+00
7.103839e+02	6.858810e+00
7.132255e+02	6.189358e+00
7.160784e+02	6.544277e+00
7.189427e+02	6.926953e+00
7.218184e+02	6.809439e+00
7.247057e+02	7.646232e+00
7.276045e+02	8.273242e+00
7.305150e+02	9.129787e+00
7.334370e+02	9.840529e+00
7.363708e+02	1.030784e+01
7.393162e+02	1.069437e+01
7.422735e+02	1.079275e+01
7.452426e+02	1.089201e+01
7.482236e+02	1.109068e+01
7.512165e+02	1.114232e+01
7.542213e+02	1.135361e+01
7.572382e+02	1.137446e+01
7.602672e+02	1.048328e+01
7.633082e+02	1.036931e+01
7.663615e+02	8.850418e+00
7.694269e+02	8.821361e+00
7.725046e+02	9.177282e+00
7.755946e+02	8.892545e+00
7.786970e+02	9.065728e+00
7.818118e+02	9.543199e+00
7.849391e+02	9.011301e+00
7.880788e+02	9.639092e+00
7.912311e+02	9.576715e+00
7.943961e+02	1.008875e+01
7.975736e+02	1.043809e+01
8.007639e+02	1.084138e+01
8.039670e+02	1.118719e+01
8.071829e+02	1.154104e+01
8.104116e+02	1.182077e+01
8.136532e+02	1.217982e+01
8.169078e+02	1.201591e+01
8.201755e+02	1.060220e+01
8.234562e+02	1.175167e+01
8.267500e+02	1.172194e+01
8.300570e+02	1.117335e+01
8.333772e+02	1.145144e+01
8.367107e+02	1.117115e+01
8.400576e+02	1.133291e+01
8.434178e+02	1.053330e+01
8.467915e+02	9.514712e+00
8.501787e+02	9.828369e+00
8.535794e+02	9.879315e+00
8.569937e+02	1.061628e+01
8.604217e+02	1.106181e+01
8.638633e+02	1.133732e+01
8.673188e+02	1.118553e+01
8.707881e+02	1.146271e+01
8.742712e+02	1.169477e+01
8.777683e+02	1.209396e+01
8.812794e+02	1.215167e+01
8.848045e+02	1.222688e+01
8.883437e+02	1.075412e+01
8.918971e+02	1.155620e+01
8.954647e+02	1.091067e+01
8.990465e+02	1.143634e+01
9.026427e+02	1.127931e+01
9.062533e+02	1.129923e+01
9.098783e+02	1.171504e+01
9.135178e+02	1.193175e+01
9.171719e+02	1.218433e+01
9.208406e+02	1.237812e+01
9.245240e+02	1.237407e+01
9.282220e+02	1.234466e+01
9.319349e+02	1.219213e+01
9.356627e+02	1.219599e+01
9.394053e+02	1.196512e+01
9.431629e+02	1.220784e+01
9.469356e+02	1.233831e+01
9.507233e+02	1.241276e+01
9.545262e+02	1.240381e+01
9.583443e+02	1.230553e+01
9.621777e+02	1.230672e+01
9.660264e+02	1.224190e+01
9.698905e+02	1.234913e+01
9.737701e+02	1.184806e+01
9.776652e+02	1.174937e+01
9.815758e+02	1.182597e+01
9.855021e+02	1.168052e+01
9.894441e+02	1.134634e+01
9.934019e+02	1.043826e+01
9.973755e+02	1.092592e+01
1.001365e+03	1.107915e+01
1.005370e+03	1.093934e+01
1.009392e+03	1.118856e+01
1.013430e+03	1.132006e+01
1.017483e+03	1.132167e+01
1.021553e+03	1.143559e+01
1.025639e+03	1.112914e+01
1.029742e+03	1.106032e+01
1.033861e+03	1.110801e+01
1.037996e+03	1.141239e+01
1.042148e+03	1.131891e+01
1.046317e+03	1.154643e+01
1.050502e+03	1.152444e+01
1.054704e+03	1.163401e+01
1.058923e+03	1.152972e+01
1.063159e+03	1.151834e+01
1.067411e+03	1.132753e+01
1.071681e+03	1.133085e+01
1.075968e+03	1.144988e+01
1.080272e+03	1.136236e+01
1.084593e+03	1.144922e+01
1.088931e+03	1.137744e+01
1.093287e+03	1.135756e+01
1.097660e+03	1.123085e+01
1.102051e+03	1.121777e+01
1.106459e+03	1.110594e+01
1.110885e+03	1.098068e+01
1.115328e+03	1.112013e+01
1.119789e+03	1.104613e+01
1.124269e+03	1.110039e+01
1.128766e+03	1.105075e+01
1.133281e+03	1.103067e+01
1.137814e+03	1.048639e+01
1.142365e+03	1.050177e+01
1.146935e+03	1.095030e+01
1.151522e+03	1.104308e+01
1.156128e+03	1.091214e+01
1.160753e+03	1.079741e+01
1.165396e+03	1.088010e+01
1.170058e+03	1.075828e+01
1.174738e+03	1.076854e+01
1.179437e+03	1.052000e+01
1.184154e+03	1.051003e+01
1.188891e+03	1.057318e+01
1.193647e+03	1.060265e+01
1.198421e+03	1.025893e+01
1.203215e+03	1.036820e+01
1.208028e+03	1.042779e+01
1.212860e+03	1.035459e+01
1.217711e+03	1.041492e+01
1.222582e+03	1.031158e+01
1.227473e+03	1.038480e+01
1.232382e+03	1.029888e+01
1.237312e+03	1.023615e+01
1.242261e+03	9.888808e+00
1.247230e+03	1.004128e+01
1.252219e+03	9.927031e+00
1.257228e+03	9.962479e+00
1.262257e+03	9.904148e+00
1.267306e+03	9.939553e+00
1.272375e+03	9.884009e+00
1.277465e+03	9.860583e+00
1.282575e+03	9.773954e+00
1.287705e+03	9.642301e+00
1.292856e+03	9.587445e+00
1.298027e+03	9.639467e+00
1.303219e+03	9.616227e+00
1.308432e+03	9.526624e+00
1.313666e+03	9.560873e+00
1.318920e+03	9.525093e+00
1.324196e+03	9.383450e+00
1.329493e+03	9.214718e+00
1.334811e+03	8.694875e+00
1.340150e+03	8.611514e+00
1.345511e+03	8.552454e+00
1.350893e+03	8.543941e+00
1.356296e+03	8.472691e+00
1.361722e+03	8.450295e+00
1.367168e+03	8.469812e+00
1.372637e+03	8.482845e+00
1.378128e+03	8.468076e+00
1.383640e+03	8.409290e+00
1.389175e+03	8.239778e+00
1.394731e+03	8.139553e+00
1.400310e+03	8.054342e+00
1.405912e+03	8.034318e+00
1.411535e+03	7.855939e+00
1.417181e+03	7.751961e+00
1.422850e+03	7.759311e+00
1.428542e+03	7.653131e+00
1.434256e+03	7.673822e+00
1.439993e+03	7.646160e+00
1.445753e+03	7.648681e+00
1.451536e+03	7.582277e+00
1.457342e+03	7.572461e+00
1.463171e+03	7.467001e+00
1.469024e+03	7.381286e+00
1.474900e+03	7.390620e+00
1.480800e+03	7.359300e+00
1.486723e+03	7.292149e+00
1.492670e+03	7.325818e+00
1.498640e+03	7.311336e+00
1.504635e+03	7.103196e+00
1.510653e+03	7.299719e+00
1.516696e+03	7.287084e+00
1.522763e+03	7.308736e+00
1.528854e+03	7.297678e+00
1.534969e+03	7.242108e+00
1.541109e+03	7.206925e+00
1.547274e+03	7.221409e+00
1.553463e+03	7.217560e+00
1.559677e+03	7.174104e+00
1.565915e+03	7.205198e+00
1.572179e+03	7.153937e+00
1.578468e+03	7.204819e+00
1.584782e+03	7.226133e+00
1.591121e+03	7.200385e+00
1.597485e+03	7.237296e+00
1.603875e+03	7.214931e+00
1.610291e+03	7.198162e+00
1.616732e+03	6.882530e+00
1.623199e+03	7.132875e+00
1.629691e+03	7.207100e+00
1.636210e+03	7.231213e+00
1.642755e+03	7.190616e+00
1.649326e+03	7.172219e+00
1.655923e+03	7.157137e+00
1.662547e+03	7.101934e+00
1.669197e+03	7.079182e+00
1.675874e+03	7.040005e+00
1.682578e+03	6.965814e+00
1.689308e+03	6.872045e+00
1.696065e+03	6.780739e+00
1.702849e+03	6.676921e+00
1.709661e+03	6.407246e+00
1.716499e+03	6.326492e+00
1.723365e+03	6.265463e+00
1.730259e+03	6.167796e+00
1.737180e+03	5.963970e+00
1.744129e+03	5.872761e+00
1.751105e+03	5.731317e+00
1.758110e+03	5.532758e+00
1.765142e+03	5.440056e+00
1.772203e+03	5.297621e+00
1.779291e+03	5.120074e+00
1.786409e+03	5.038603e+00
1.793554e+03	4.916741e+00
1.800728e+03	4.851214e+00
1.807931e+03	4.706748e+00
1.815163e+03	4.727724e+00
1.822424e+03	4.639734e+00
1.829713e+03	4.560948e+00
1.837032e+03	4.528707e+00
1.844380e+03	4.329377e+00
1.851758e+03	4.268479e+00
1.859165e+03	4.028671e+00
1.866602e+03	4.193970e+00
1.874068e+03	4.086545e+00
1.881564e+03	4.121174e+00
1.889090e+03	4.115754e+00
1.896647e+03	4.103761e+00
1.904233e+03	4.079108e+00
1.911850e+03	4.082929e+00
1.919498e+03	3.995108e+00
1.927176e+03	3.880880e+00
1.934884e+03	3.915240e+00
1.942624e+03	3.681528e+00
1.950394e+03	3.735306e+00
1.958196e+03	3.842723e+00
1.966029e+03	3.830987e+00
1.973893e+03	3.577682e+00
1.981789e+03	3.489486e+00
1.989716e+03	3.469473e+00
1.997675e+03	3.561850e+00
2.005665e+03	3.525357e+00
2.013688e+03	3.471284e+00
2.021743e+03	3.451486e+00
2.029830e+03	3.396480e+00
2.037949e+03	3.360835e+00
2.046101e+03	3.319835e+00
2.054285e+03	3.327462e+00
2.062502e+03	3.263821e+00
2.070752e+03	3.256739e+00
2.079035e+03	3.230143e+00
2.087351e+03	3.190087e+00
2.095701e+03	3.177222e+00
2.104084e+03	3.179521e+00
2.112500e+03	3.165336e+00
2.120950e+03	3.150166e+00
2.129434e+03	3.103026e+00
2.137952e+03	3.103164e+00
2.146503e+03	3.121488e+00
2.155089e+03	3.100019e+00
2.163710e+03	3.103209e+00
2.172365e+03	3.083685e+00
2.181054e+03	3.064098e+00
2.189778e+03	3.056443e+00
2.198537e+03	3.055285e+00
2.207331e+03	2.969458e+00
2.216161e+03	3.036739e+00
2.225025e+03	3.004877e+00
2.233926e+03	3.001346e+00
2.242861e+03	2.997169e+00
2.251833e+03	2.974908e+00
2.260840e+03	2.917486e+00
2.269883e+03	2.931312e+00
2.278963e+03	2.894704e+00
2.288079e+03	2.886561e+00
2.297231e+03	2.640968e+00
2.306420e+03	2.728029e+00
2.315646e+03	2.695862e+00
2.324908e+03	2.494664e+00
2.334208e+03	2.534446e+00
2.343545e+03	2.539303e+00
2.352919e+03	2.372855e+00
2.362331e+03	2.392197e+00
2.371780e+03	2.413491e+00
2.381267e+03	2.259158e+00
2.390792e+03	2.220745e+00
2.400355e+03	2.213842e+00
2.409957e+03	2.116131e+00
2.419597e+03	2.055452e+00
2.429275e+03	2.022986e+00
2.438992e+03	1.965051e+00
2.448748e+03	1.885250e+00
2.458543e+03	1.839496e+00
2.468377e+03	1.818271e+00
2.478251e+03	1.710932e+00
2.488164e+03	1.705956e+00
2.498116e+03	1.682790e+00
2.508109e+03	1.605078e+00
2.518141e+03	1.589359e+00
2.528214e+03	1.541125e+00
2.538327e+03	1.517058e+00
2.548480e+03	1.506212e+00
2.558674e+03	1.478530e+00
2.568909e+03	1.483739e+00
2.579184e+03	1.430604e+00
2.589501e+03	1.455067e+00
2.599859e+03	1.453564e+00
2.610258e+03	1.454409e+00
2.620699e+03	1.432368e+00
2.631182e+03	1.428590e+00
2.641707e+03	1.421752e+00
2.652274e+03	1.436680e+00
2.662883e+03	1.436962e+00
2.673534e+03	1.378738e+00
2.684229e+03	1.372540e+00
2.694965e+03	1.321073e+00
2.705745e+03	1.316909e+00
2.716568e+03	1.279499e+00
2.727435e+03	1.231315e+00
2.738344e+03	1.210352e+00
2.749298e+03	1.196235e+00
2.760295e+03	1.190748e+00
2.771336e+03	1.156399e+00
2.782421e+03	1.134553e+00
2.793551e+03	1.129748e+00
2.804725e+03	1.092708e+00
2.815944e+03	1.064386e+00
2.827208e+03	1.085859e+00
2.838517e+03	1.044392e+00
2.849871e+03	1.028904e+00
2.861270e+03	1.041153e+00
2.872715e+03	1.013770e+00
2.884206e+03	1.007486e+00
2.895743e+03	1.009985e+00
2.907326e+03	9.628475e-01
2.918955e+03	9.664403e-01
2.930631e+03	9.549613e-01
2.942354e+03	9.232616e-01
2.954123e+03	9.316713e-01
2.965940e+03	9.076282e-01
2.977803e+03	9.138289e-01
2.989715e+03	8.867238e-01
3.001673e+03	8.839554e-01
3.013680e+03	8.779072e-01
3.025735e+03	8.428971e-01
3.037838e+03	8.692339e-01
3.049989e+03	8.344335e-01
3.062189e+03	8.478291e-01
3.074438e+03	8.259294e-01
3.086736e+03	8.144019e-01
3.099083e+03	8.168414e-01
3.111479e+03	7.947552e-01
3.123925e+03	7.995257e-01
3.136421e+03	7.871152e-01
3.148966e+03	7.805546e-01
3.161562e+03	7.777316e-01
3.174208e+03	7.601155e-01
3.186905e+03	7.732725e-01
3.199653e+03	7.391040e-01
3.212451e+03	7.637284e-01
3.225301e+03	7.440802e-01
3.238202e+03	7.396596e-01
3.251155e+03	7.378524e-01
3.264160e+03	7.321494e-01
3.277216e+03	7.238206e-01
3.290325e+03	7.190640e-01
3.303487e+03	7.192460e-01
3.316701e+03	7.058233e-01
3.329967e+03	7.141932e-01
3.343287e+03	6.939504e-01
3.356660e+03	6.964063e-01
3.370087e+03	6.929172e-01
3.383567e+03	6.835714e-01
3.397102e+03	6.829985e-01
3.410690e+03	6.730182e-01
3.424333e+03	6.728647e-01
3.438030e+03	6.650072e-01
3.451782e+03	6.622338e-01
3.465589e+03	6.586612e-01
3.479452e+03	6.517392e-01
3.493370e+03	6.408760e-01
3.507343e+03	6.465318e-01
3.521372e+03	6.302154e-01
3.535458e+03	6.300793e-01
3.549600e+03	6.244011e-01
3.563798e+03	6.180861e-01
3.578053e+03	6.135514e-01
3.592366e+03	6.088506e-01
3.606735e+03	6.029356e-01
3.621162e+03	5.958708e-01
3.635647e+03	5.906531e-01
3.650189e+03	5.859331e-01
3.664790e+03	5.809603e-01
3.679449e+03	5.734980e-01
3.694167e+03	5.683663e-01
3.708944e+03	5.664103e-01
3.723779e+03	5.602395e-01
3.738674e+03	5.514101e-01
3.753629e+03	5.515786e-01
3.768644e+03	5.420665e-01
3.783718e+03	5.411274e-01
3.798853e+03	5.334472e-01
3.814049e+03	5.288758e-01
3.829305e+03	5.171967e-01
3.844622e+03	5.156137e-01
3.860000e+03	5.120881e-01
3.875440e+03	5.032579e-01
3.890942e+03	4.965516e-01
3.906506e+03	4.913600e-01
3.922132e+03	4.854224e-01
3.937821e+03	4.781918e-01
3.953572e+03	4.684122e-01
3.969386e+03	4.632475e-01
3.985264e+03	4.517888e-01
4.001205e+03	4.469127e-01
4.017209e+03	4.420639e-01
4.033278e+03	4.322004e-01
4.049411e+03	4.218083e-01
4.065609e+03	4.173215e-01
4.081872e+03	4.038048e-01
4.098199e+03	4.029716e-01
4.114592e+03	3.953432e-01
4.131050e+03	3.881148e-01
4.147574e+03	3.864871e-01
4.164165e+03	3.751177e-01
4.180821e+03	3.726622e-01
4.197545e+03	3.680698e-01
4.214335e+03	3.594618e-01
4.231192e+03	3.606303e-01
4.248117e+03	3.469131e-01
4.265109e+03	3.428647e-01
4.282170e+03	3.410866e-01
4.299298e+03	3.207906e-01
4.316496e+03	3.201204e-01
4.333762e+03	3.138067e-01
4.351097e+03	3.025449e-01
4.368501e+03	2.950218e-01
4.385975e+03	2.904593e-01
4.403519e+03	2.817218e-01
4.421133e+03	2.755984e-01
4.438818e+03	2.702471e-01
4.456573e+03	2.671842e-01
4.474399e+03	2.575829e-01
4.492297e+03	2.566225e-01
4.510266e+03	2.544714e-01
4.528307e+03	2.461840e-01
4.546420e+03	2.450067e-01
4.564606e+03	2.386577e-01
4.582864e+03	2.392612e-01
4.601196e+03	2.329743e-01
4.619601e+03	2.321003e-01
4.638079e+03	2.287913e-01
4.656631e+03	2.272392e-01
4.675258e+03	2.215251e-01
4.693959e+03	2.210956e-01
4.712735e+03	2.165346e-01
4.731586e+03	2.148801e-01
4.750512e+03	2.124497e-01
4.769514e+03	2.062378e-01
4.788592e+03	2.035984e-01
4.807746e+03	2.018026e-01
4.826977e+03	1.992553e-01
4.846285e+03	1.964853e-01
4.865670e+03	1.930292e-01
4.885133e+03	1.896560e-01
4.904674e+03	1.862002e-01
4.924292e+03	1.851417e-01
4.943990e+03	1.806658e-01
4.963766e+03	1.761578e-01
4.983621e+03	1.778619e-01
5.003555e+03	1.722243e-01
5.023569e+03	1.678331e-01
5.043664e+03	1.703369e-01
5.063838e+03	1.650327e-01
5.084094e+03	1.620617e-01
5.104430e+03	1.613294e-01
5.124848e+03	1.579289e-01
5.145347e+03	1.582674e-01
5.165928e+03	1.528054e-01
5.186592e+03	1.540816e-01
5.207339e+03	1.486123e-01
5.228168e+03	1.494226e-01
5.249081e+03	1.449146e-01
5.270077e+03	1.450637e-01
5.291157e+03	1.418282e-01
5.312322e+03	1.412003e-01
5.333571e+03	1.390713e-01
5.354905e+03	1.363117e-01
5.376325e+03	1.355756e-01
5.397830e+03	1.338250e-01
5.419422e+03	1.294465e-01
5.441099e+03	1.302592e-01
5.462864e+03	1.272254e-01
5.484715e+03	1.263261e-01
5.506654e+03	1.254807e-01
5.528681e+03	1.218355e-01
5.550795e+03	1.204185e-01
5.572999e+03	1.188174e-01
5.595291e+03	1.193137e-01
5.617672e+03	1.159468e-01
5.640142e+03	1.154926e-01
5.662703e+03	1.137549e-01
5.685354e+03	1.107769e-01
5.708095e+03	1.104081e-01
5.730928e+03	1.073826e-01
5.753851e+03	1.090327e-01
5.776867e+03	1.058031e-01
5.799974e+03	1.056934e-01
5.823174e+03	1.024456e-01
5.846467e+03	1.011967e-01
5.869853e+03	1.012706e-01
5.893332e+03	9.915762e-02
5.916905e+03	9.894721e-02
5.940573e+03	9.658503e-02
5.964335e+03	9.602727e-02
5.988193e+03	9.432992e-02
6.012145e+03	9.427056e-02
6.036194e+03	9.072885e-02
6.060339e+03	9.119336e-02
6.084580e+03	9.123544e-02
6.108918e+03	8.795356e-02
6.133354e+03	8.913137e-02
6.157888e+03	8.740118e-02
6.182519e+03	8.521931e-02
6.207249e+03	8.480727e-02
6.232078e+03	8.397588e-02
6.257006e+03	8.195984e-02
6.282034e+03	8.096732e-02
6.307163e+03	8.003633e-02
6.332391e+03	7.884671e-02
6.357721e+03	7.724145e-02
6.383152e+03	7.540197e-02
6.408684e+03	7.364326e-02
6.434319e+03	7.264723e-02
6.460056e+03	6.955220e-02
6.485897e+03	6.646520e-02
6.511840e+03	6.630352e-02
6.537887e+03	6.410601e-02
6.564039e+03	6.242772e-02
6.590295e+03	6.061847e-02
6.616656e+03	6.004593e-02
6.643123e+03	5.810124e-02
6.669695e+03	5.760137e-02
6.696374e+03	5.641039e-02
6.723160e+03	5.676881e-02
6.750052e+03	5.554255e-02
6.777053e+03	5.342168e-02
6.804161e+03	5.358675e-02
6.831377e+03	5.242143e-02
6.858703e+03	5.258671e-02
6.886138e+03	5.142640e-02
6.913682e+03	5.031825e-02
6.941337e+03	5.008315e-02
6.969102e+03	4.949677e-02
6.996979e+03	4.894885e-02
7.024967e+03	4.835768e-02
7.053067e+03	4.756980e-02
7.081279e+03	4.677307e-02
7.109604e+03	4.537621e-02
7.138042e+03	4.569203e-02
7.166595e+03	4.524629e-02
7.195261e+03	4.428257e-02
7.224042e+03	4.369173e-02
7.252938e+03	4.307916e-02
7.281950e+03	4.274279e-02
7.311078e+03	4.202404e-02
7.340322e+03	4.129754e-02
7.369683e+03	4.059328e-02
7.399162e+03	4.090935e-02
7.428759e+03	3.930541e-02
7.458474e+03	3.957662e-02
7.488308e+03	3.881307e-02
7.518261e+03	3.787683e-02
7.548334e+03	3.809783e-02
7.578527e+03	3.687274e-02
7.608841e+03	3.578280e-02
7.639277e+03	3.601280e-02
7.669834e+03	3.503560e-02
7.700513e+03	3.500799e-02
7.731315e+03	3.425567e-02
7.762240e+03	3.354769e-02
7.793289e+03	3.342656e-02
7.824463e+03	3.330288e-02
7.855760e+03	3.247822e-02
7.887183e+03	3.132709e-02
7.918732e+03	3.145209e-02
7.950407e+03	3.098418e-02
7.982209e+03	2.994721e-02
8.014138e+03	3.016498e-02
8.046194e+03	2.931633e-02
8.078379e+03	2.894882e-02
8.110692e+03	2.824222e-02
8.143135e+03	2.816277e-02
8.175708e+03	2.790639e-02
8.208411e+03	2.700415e-02
8.241244e+03	2.708098e-02
8.274209e+03	2.613501e-02
8.307306e+03	2.616636e-02
8.340535e+03	2.550989e-02
8.373897e+03	2.488933e-02
8.407393e+03	2.508900e-02
8.441023e+03	2.434423e-02
8.474787e+03	2.438235e-02
8.508686e+03	2.365299e-02
8.542721e+03	2.354631e-02
8.576891e+03	2.302839e-02
8.611199e+03	2.295425e-02
8.645644e+03	2.271834e-02
8.680226e+03	2.225587e-02
8.714947e+03	2.205252e-02
8.749807e+03	2.128229e-02
8.784806e+03	2.140593e-02
8.819946e+03	2.104003e-02
8.855225e+03	2.064761e-02
8.890646e+03	2.067643e-02
8.926209e+03	2.041215e-02
8.961914e+03	1.979437e-02
8.997761e+03	1.980561e-02
9.033752e+03	1.960662e-02
9.069887e+03	1.929773e-02
9.106167e+03	1.895609e-02
9.142592e+03	1.878427e-02
9.179162e+03	1.855283e-02
9.215879e+03	1.818519e-02
9.252742e+03	1.781611e-02
9.289753e+03	1.772163e-02
9.326912e+03	1.731876e-02
9.364220e+03	1.740265e-02
9.401677e+03	1.681711e-02
9.439283e+03	1.662830e-02
9.477040e+03	1.653173e-02
9.514949e+03	1.621386e-02
9.553008e+03	1.618245e-02
9.591220e+03	1.572339e-02
9.629585e+03	1.545552e-02
9.668104e+03	1.526620e-02
9.706776e+03	1.505222e-02
9.745603e+03	1.495320e-02
9.784586e+03	1.475552e-02
9.823724e+03	1.442082e-02
9.863019e+03	1.424533e-02
9.902471e+03	1.366824e-02
9.942081e+03	1.380282e-02
9.981849e+03	1.349457e-02
1.002178e+04	1.340507e-02
1.006186e+04	1.308429e-02
1.010211e+04	1.282012e-02
1.014252e+04	1.270548e-02
1.018309e+04	1.263550e-02
1.022382e+04	1.229776e-02
1.026472e+04	1.215102e-02
1.030578e+04	1.188849e-02
1.034700e+04	1.167432e-02
1.038839e+04	1.154526e-02
1.042994e+04	1.135855e-02
1.047166e+04	1.117846e-02
1.051355e+04	1.097751e-02
1.055560e+04	1.079846e-02
1.059782e+04	1.059704e-02
1.064022e+04	1.053271e-02
1.068278e+04	1.041470e-02
1.072551e+04	1.004346e-02
1.076841e+04	9.928114e-03
1.081148e+04	9.831172e-03
1.085473e+04	9.882628e-03
1.089815e+04	9.404716e-03
1.094174e+04	9.382006e-03
1.098551e+04	9.095656e-03
1.102945e+04	9.012205e-03
1.107357e+04	8.916291e-03
1.111786e+04	8.734424e-03
1.116233e+04	8.632185e-03
1.120698e+04	8.409660e-03
1.125181e+04	8.356659e-03
1.129682e+04	8.196991e-03
1.134200e+04	8.125093e-03
1.138737e+04	7.984087e-03
1.143292e+04	7.796767e-03
1.147865e+04	7.738954e-03
1.152457e+04	7.562792e-03
1.157067e+04	7.425034e-03
1.161695e+04	7.321287e-03
1.166342e+04	7.271067e-03
1.171007e+04	7.080317e-03
1.175691e+04	6.903577e-03
1.180394e+04	6.884768e-03
1.185115e+04	6.729844e-03
1.189856e+04	6.715040e-03
1.194615e+04	6.588583e-03
1.199394e+04	6.494512e-03
1.204191e+04	6.400118e-03
1.209008e+04	6.293504e-03
1.213844e+04	6.172841e-03
1.218700e+04	6.121932e-03
1.223574e+04	5.990919e-03
1.228469e+04	5.981752e-03
1.233382e+04	5.777525e-03
1.238316e+04	5.749638e-03
1.243269e+04	5.527388e-03
1.248242e+04	5.593338e-03
1.253235e+04	5.439131e-03
1.258248e+04	5.409320e-03
1.263281e+04	5.325231e-03
1.268334e+04	5.180553e-03
1.273408e+04	5.244300e-03
1.278501e+04	5.008942e-03
1.283615e+04	4.937527e-03
1.288750e+04	4.962459e-03
1.293905e+04	4.763029e-03
1.299080e+04	4.795446e-03
1.304277e+04	4.672310e-03
1.309494e+04	4.640301e-03
1.314732e+04	4.520518e-03
1.319991e+04	4.462693e-03
1.325271e+04	4.389804e-03
1.330572e+04	4.315241e-03
1.335894e+04	4.245357e-03
1.341238e+04	4.232799e-03
1.346603e+04	4.084886e-03
1.351989e+04	4.113686e-03
1.357397e+04	3.994821e-03
1.362827e+04	3.952901e-03
1.368278e+04	3.911238e-03
1.373751e+04	3.779996e-03
1.379246e+04	3.795509e-03
1.384763e+04	3.680618e-03
1.390302e+04	3.713671e-03
1.395863e+04	3.618146e-03
1.401447e+04	3.537738e-03
1.407052e+04	3.551105e-03
1.412681e+04	3.397862e-03
1.418331e+04	3.315185e-03
1.424005e+04	3.347305e-03
1.429701e+04	3.334300e-03
1.435420e+04	3.213602e-03
1.441161e+04	3.196587e-03
1.446926e+04	3.086748e-03
1.452714e+04	3.104830e-03
1.458524e+04	3.049768e-03
1.464359e+04	2.964716e-03
1.470216e+04	2.903661e-03
1.476097e+04	2.941877e-03
1.482001e+04	2.871365e-03
1.487929e+04	2.804883e-03
1.493881e+04	2.762875e-03
1.499856e+04	2.712868e-03
1.505856e+04	2.705663e-03
1.511879e+04	2.641206e-03
1.517927e+04	2.599461e-03
1.523999e+04	2.586560e-03
1.530095e+04	2.515409e-03
1.536215e+04	2.468293e-03
1.542360e+04	2.440418e-03
1.548529e+04	2.423824e-03
1.554723e+04	2.352285e-03
1.560942e+04	2.367127e-03
1.567186e+04	2.306176e-03
1.573455e+04	2.255096e-03
1.579749e+04	2.246751e-03
1.586068e+04	2.203065e-03
1.592412e+04	2.190789e-03
1.598781e+04	2.094370e-03
1.605177e+04	2.100479e-03
1.611597e+04	2.045689e-03
1.618044e+04	2.019602e-03
1.624516e+04	1.976854e-03
1.631014e+04	1.991576e-03
1.637538e+04	1.977326e-03
1.644088e+04	1.935646e-03
1.650665e+04	1.871192e-03
1.657267e+04	1.837796e-03
1.663896e+04	1.801579e-03
1.670552e+04	1.804032e-03
1.677234e+04	1.800291e-03
1.683943e+04	1.747758e-03
1.690679e+04	1.720542e-03
1.697441e+04	1.705002e-03
1.704231e+04	1.711051e-03
1.711048e+04	1.618350e-03
1.717892e+04	1.626952e-03
1.724764e+04	1.573612e-03
1.731663e+04	1.553661e-03
1.738590e+04	1.533852e-03
1.745544e+04	1.536722e-03
1.752526e+04	1.502559e-03
1.759536e+04	1.462941e-03
1.766574e+04	1.444210e-03
1.773641e+04	1.427751e-03
1.780735e+04	1.417555e-03
1.787858e+04	1.407555e-03
1.795010e+04	1.364202e-03
1.802190e+04	1.357442e-03
1.809398e+04	1.327395e-03
1.816636e+04	1.267839e-03
1.823903e+04	1.302162e-03
1.831198e+04	1.275791e-03
1.838523e+04	1.249738e-03
1.845877e+04	1.243459e-03
1.853261e+04	1.185576e-03
1.860674e+04	1.167848e-03
1.868116e+04	1.172773e-03
1.875589e+04	1.152152e-03
1.883091e+04	1.149532e-03
1.890623e+04	1.120909e-03
1.898186e+04	1.096691e-03
1.905779e+04	1.103061e-03
1.913402e+04	1.095636e-03
1.921055e+04	1.029926e-03
1.928740e+04	1.048114e-03
1.936455e+04	1.029124e-03
1.944200e+04	9.884482e-04
1.951977e+04	1.012698e-03
1.959785e+04	9.602725e-04
1.967624e+04	9.562607e-04
1.991080e+04	9.229096e-04
