# Spectrum of TRAPPIST-1 at 1 AU
# WL(nm)	Flux(ergs/cm**2/s/nm)
1.004555e+02	3.614768e-27
1.008574e+02	7.019406e-27
1.012608e+02	7.570899e-27
1.016658e+02	6.944836e-27
1.020725e+02	1.055264e-23
1.024808e+02	1.955036e-25
1.028907e+02	2.855696e-26
1.033023e+02	3.266981e-23
1.037155e+02	2.436414e-26
1.041303e+02	5.024842e-26
1.045469e+02	4.156067e-25
1.049650e+02	5.042695e-27
1.053849e+02	1.906999e-24
1.058064e+02	2.383770e-26
1.062297e+02	3.837390e-24
1.066546e+02	1.121194e-24
1.070812e+02	3.554319e-25
1.075095e+02	1.431141e-22
1.079396e+02	5.434058e-25
1.083713e+02	5.515675e-23
1.088048e+02	1.483821e-23
1.092400e+02	1.623488e-20
1.096770e+02	2.954669e-23
1.101157e+02	3.560664e-23
1.105562e+02	1.092426e-20
1.109984e+02	2.186713e-21
1.114424e+02	2.163972e-22
1.118881e+02	3.608405e-23
1.123357e+02	1.930107e-22
1.127850e+02	5.370889e-19
1.132362e+02	1.421157e-19
1.136891e+02	1.232963e-19
1.141439e+02	1.485460e-19
1.146005e+02	1.437237e-19
1.150589e+02	1.436706e-19
1.155191e+02	9.220572e-20
1.159812e+02	2.627117e-19
1.164451e+02	5.598734e-20
1.169109e+02	6.359192e-20
1.173785e+02	3.116619e-19
1.178480e+02	7.981970e-19
1.183194e+02	5.433998e-19
1.187927e+02	8.834501e-20
1.192679e+02	2.264117e-19
1.197450e+02	2.211774e-19
1.202239e+02	2.308123e-21
1.207048e+02	4.541725e-20
1.211876e+02	1.940392e-21
1.216724e+02	9.917414e-24
1.221591e+02	1.724923e-20
1.226477e+02	9.730651e-20
1.231383e+02	9.866951e-21
1.236309e+02	9.293602e-20
1.241254e+02	2.163282e-20
1.246219e+02	2.017512e-21
1.251204e+02	4.741768e-21
1.256209e+02	2.617081e-19
1.261233e+02	3.085538e-19
1.266278e+02	2.314258e-21
1.271343e+02	7.362293e-20
1.276429e+02	5.995498e-20
1.281535e+02	9.188881e-21
1.286661e+02	5.300453e-20
1.291807e+02	1.193543e-19
1.296975e+02	8.664761e-20
1.302162e+02	9.683091e-21
1.307371e+02	2.988459e-19
1.312601e+02	3.691199e-19
1.317851e+02	2.036912e-19
1.323122e+02	2.278786e-18
1.328415e+02	2.745747e-18
1.333729e+02	1.291416e-18
1.339063e+02	5.733866e-20
1.344420e+02	1.196086e-18
1.349797e+02	4.946545e-18
1.355197e+02	2.822659e-18
1.360617e+02	7.146111e-18
1.366060e+02	1.042928e-18
1.371524e+02	5.272671e-20
1.377010e+02	4.302089e-19
1.382518e+02	3.652408e-17
1.388048e+02	1.028993e-17
1.393601e+02	5.474986e-19
1.399175e+02	3.249048e-19
1.404772e+02	3.137061e-17
1.410391e+02	3.088115e-18
1.416032e+02	1.218910e-16
1.421696e+02	5.047604e-20
1.427383e+02	1.424012e-17
1.433093e+02	1.634430e-15
1.438825e+02	7.675473e-17
1.444580e+02	8.881360e-16
1.450359e+02	4.966887e-17
1.456160e+02	2.201947e-15
1.461985e+02	3.175801e-15
1.467833e+02	3.282751e-16
1.473704e+02	2.304437e-15
1.479599e+02	9.272796e-18
1.485517e+02	6.686117e-16
1.491459e+02	2.307609e-15
1.497425e+02	2.375779e-16
1.503415e+02	1.656474e-14
1.509429e+02	7.383861e-16
1.515466e+02	3.319496e-18
1.521528e+02	4.432820e-17
1.527614e+02	2.488348e-20
1.533725e+02	3.297590e-20
1.539860e+02	7.037597e-21
1.546019e+02	1.268665e-23
1.552203e+02	1.616913e-22
1.558412e+02	9.873581e-23
1.564646e+02	5.587323e-23
1.570904e+02	1.448504e-22
1.577188e+02	2.393661e-23
1.583496e+02	1.956719e-22
1.589830e+02	1.017526e-21
1.596190e+02	8.163241e-23
1.602575e+02	1.403009e-22
1.608985e+02	4.755270e-22
1.615421e+02	2.775233e-22
1.621882e+02	4.017081e-22
1.628370e+02	4.005309e-22
1.634883e+02	7.009002e-22
1.641423e+02	1.106667e-21
1.647989e+02	1.126801e-21
1.654581e+02	2.132812e-22
1.661199e+02	2.765993e-21
1.667844e+02	2.636118e-21
1.674515e+02	8.489749e-21
1.681213e+02	4.065597e-20
1.687938e+02	1.181815e-20
1.694690e+02	4.709302e-19
1.701469e+02	1.685648e-19
1.708274e+02	2.121903e-19
1.715108e+02	2.968442e-19
1.721968e+02	2.155969e-19
1.728856e+02	5.315133e-19
1.735771e+02	1.941413e-19
1.742714e+02	8.736850e-20
1.749685e+02	2.439269e-18
1.756684e+02	3.359889e-19
1.763711e+02	6.128218e-18
1.770766e+02	1.125928e-17
1.777849e+02	4.123996e-19
1.784960e+02	2.375449e-17
1.792100e+02	1.271179e-17
1.799268e+02	1.179575e-17
1.806465e+02	1.363523e-16
1.813691e+02	2.226752e-18
1.820946e+02	2.680127e-17
1.828230e+02	6.158449e-17
1.835543e+02	5.987986e-19
1.842885e+02	7.316841e-17
1.850256e+02	9.770685e-16
1.857657e+02	8.873777e-18
1.865088e+02	4.533633e-16
1.872548e+02	1.434944e-16
1.880039e+02	1.179809e-17
1.887559e+02	1.322172e-15
1.895109e+02	2.067744e-16
1.902689e+02	3.425065e-17
1.910300e+02	5.260254e-15
1.917941e+02	2.380726e-16
1.925613e+02	8.128474e-16
1.933316e+02	6.674013e-15
1.941049e+02	1.646139e-15
1.948813e+02	9.506282e-16
1.956608e+02	1.450280e-14
1.964435e+02	7.370830e-16
1.972292e+02	3.323738e-15
1.980182e+02	8.382031e-15
1.988102e+02	1.978547e-15
1.996055e+02	1.367999e-15
2.004039e+02	1.690961e-15
2.012055e+02	1.446110e-15
2.020103e+02	1.215097e-15
2.028184e+02	6.841107e-16
2.036296e+02	9.402182e-16
2.044442e+02	5.156130e-16
2.052619e+02	1.913805e-15
2.060830e+02	1.036178e-15
2.069073e+02	9.784581e-16
2.077350e+02	1.202211e-15
2.085659e+02	1.942524e-15
2.094002e+02	2.192501e-15
2.102378e+02	1.842777e-15
2.110787e+02	1.089238e-15
2.119230e+02	2.117214e-15
2.127707e+02	2.867566e-15
2.136218e+02	4.055287e-15
2.144763e+02	9.412057e-16
2.153342e+02	3.832700e-15
2.161955e+02	7.469573e-15
2.170603e+02	1.031301e-14
2.179286e+02	3.435692e-15
2.188003e+02	3.542796e-15
2.196755e+02	1.521005e-14
2.205542e+02	7.602950e-15
2.214364e+02	8.719935e-14
2.223221e+02	7.209766e-15
2.232114e+02	2.505776e-13
2.241043e+02	4.751017e-14
2.250007e+02	7.933674e-13
2.259007e+02	1.357258e-13
2.268043e+02	2.851275e-13
2.277115e+02	3.940569e-13
2.286223e+02	3.184479e-13
2.295368e+02	1.709750e-12
2.304550e+02	4.817865e-14
2.313768e+02	1.656184e-12
2.323023e+02	8.364446e-13
2.332315e+02	3.822905e-12
2.341644e+02	7.858897e-12
2.351011e+02	2.613171e-13
2.360415e+02	1.438692e-11
2.369857e+02	1.668176e-13
2.379336e+02	1.706418e-11
2.388854e+02	7.395087e-12
2.398409e+02	1.207221e-10
2.408003e+02	1.489417e-10
2.417635e+02	4.813633e-12
2.427305e+02	2.537795e-10
2.437014e+02	8.621709e-11
2.446762e+02	7.321876e-10
2.456549e+02	1.190476e-10
2.466376e+02	8.382016e-11
2.476241e+02	2.445547e-11
2.486146e+02	2.365971e-12
2.496091e+02	5.006996e-11
2.506075e+02	7.217426e-11
2.516099e+02	4.095246e-11
2.526164e+02	3.431234e-11
2.536268e+02	6.773344e-10
2.546414e+02	6.888885e-10
2.556599e+02	4.308923e-09
2.566826e+02	5.387467e-09
2.577093e+02	6.156803e-09
2.587401e+02	3.082850e-09
2.597751e+02	8.817997e-09
2.608142e+02	5.000430e-09
2.618574e+02	4.194748e-08
2.629049e+02	1.146286e-07
2.639565e+02	1.243653e-07
2.650123e+02	1.213414e-07
2.660724e+02	7.093703e-08
2.671367e+02	8.743939e-08
2.682052e+02	8.438140e-08
2.692780e+02	4.080096e-08
2.703551e+02	7.478378e-08
2.714366e+02	7.155260e-09
2.725223e+02	4.865487e-09
2.736124e+02	7.839284e-09
2.747068e+02	8.067835e-09
2.758057e+02	2.295062e-08
2.769089e+02	6.740435e-08
2.780165e+02	4.729130e-08
2.791286e+02	3.736332e-08
2.802451e+02	1.873655e-08
2.813661e+02	8.845801e-09
2.824916e+02	3.211702e-09
2.836215e+02	9.847219e-10
2.847560e+02	1.983509e-10
2.858950e+02	3.079818e-10
2.870386e+02	1.756849e-09
2.881868e+02	7.786669e-09
2.893395e+02	2.697558e-08
2.904969e+02	7.107622e-08
2.916589e+02	1.260499e-07
2.928255e+02	1.973486e-07
2.939968e+02	1.335403e-07
2.951728e+02	1.041486e-07
2.963535e+02	1.875600e-07
2.975389e+02	1.630412e-07
2.987290e+02	3.024744e-07
2.999240e+02	2.005127e-07
3.011237e+02	5.438400e-07
3.023281e+02	1.338327e-07
3.035375e+02	1.132541e-06
3.047516e+02	1.298570e-06
3.059706e+02	2.473483e-06
3.071945e+02	1.270487e-05
3.084233e+02	2.834111e-05
3.096570e+02	2.479244e-05
3.108956e+02	5.483545e-05
3.121392e+02	6.371880e-05
3.133877e+02	8.435976e-05
3.146413e+02	1.055449e-04
3.158999e+02	1.227160e-04
3.171635e+02	1.702185e-04
3.184321e+02	9.172072e-05
3.197058e+02	6.129828e-05
3.209847e+02	1.676355e-04
3.222686e+02	1.958414e-04
3.235577e+02	1.715069e-04
3.248519e+02	3.064681e-04
3.261513e+02	3.600160e-04
3.274559e+02	4.954919e-04
3.287657e+02	5.057722e-04
3.300808e+02	1.875666e-04
3.314011e+02	5.576161e-04
3.327267e+02	7.943398e-04
3.340576e+02	7.388439e-04
3.353939e+02	6.633953e-04
3.367354e+02	6.845994e-04
3.380824e+02	7.657693e-04
3.394347e+02	1.036708e-03
3.407924e+02	8.847147e-04
3.421556e+02	6.175498e-04
3.435242e+02	9.114637e-05
3.448983e+02	1.252653e-04
3.462779e+02	1.801198e-04
3.476630e+02	7.956372e-05
3.490537e+02	7.941637e-05
3.504499e+02	8.427994e-04
3.518517e+02	6.934118e-04
3.532591e+02	1.420929e-03
3.546722e+02	2.177945e-03
3.560908e+02	6.231548e-04
3.575152e+02	2.535538e-04
3.589453e+02	9.686685e-04
3.603810e+02	1.529899e-03
3.618226e+02	9.867764e-04
3.632699e+02	1.044099e-03
3.647229e+02	8.203734e-04
3.661818e+02	2.198013e-03
3.676466e+02	7.817464e-04
3.691171e+02	7.557765e-04
3.705936e+02	1.485335e-04
3.720760e+02	1.380266e-05
3.735643e+02	1.585458e-05
3.750586e+02	6.994671e-05
3.765588e+02	6.166670e-04
3.780650e+02	2.200919e-03
3.795773e+02	1.218589e-03
3.810956e+02	1.525193e-03
3.826200e+02	2.046922e-04
3.841505e+02	6.761703e-04
3.856871e+02	5.308826e-05
3.872298e+02	2.451039e-04
3.887787e+02	1.368846e-04
3.903338e+02	4.932333e-04
3.918952e+02	7.874470e-04
3.934628e+02	1.606740e-03
3.950366e+02	4.598714e-03
3.966167e+02	5.000843e-03
3.982032e+02	7.237967e-03
3.997960e+02	7.290253e-03
4.013952e+02	9.486163e-03
4.030008e+02	1.096178e-02
4.046128e+02	4.828097e-03
4.062312e+02	7.358220e-03
4.078562e+02	7.429314e-03
4.094876e+02	8.240654e-03
4.111255e+02	8.368374e-03
4.127701e+02	6.284982e-03
4.144211e+02	4.640185e-03
4.160788e+02	3.850755e-03
4.177431e+02	1.930474e-03
4.194141e+02	8.225427e-04
4.210918e+02	1.632054e-04
4.227761e+02	3.139887e-05
4.244672e+02	2.207120e-04
4.261651e+02	7.857077e-04
4.278698e+02	1.813676e-03
4.295812e+02	2.839693e-03
4.312996e+02	4.453630e-03
4.330248e+02	6.568831e-03
4.347569e+02	8.997550e-03
4.364959e+02	7.157327e-03
4.382419e+02	5.564967e-03
4.399948e+02	9.655107e-03
4.417548e+02	1.170742e-02
4.435218e+02	8.280174e-03
4.452959e+02	1.024935e-02
4.470771e+02	1.091165e-02
4.488654e+02	1.253733e-02
4.506609e+02	1.521283e-02
4.524635e+02	1.529902e-02
4.542734e+02	1.616375e-02
4.560905e+02	1.660392e-02
4.579148e+02	1.997953e-02
4.597465e+02	1.113732e-02
4.615855e+02	2.024521e-02
4.634318e+02	1.172753e-02
4.652855e+02	1.698508e-02
4.671467e+02	1.662073e-02
4.690153e+02	1.912837e-02
4.708913e+02	2.508090e-02
4.727749e+02	2.121059e-02
4.746660e+02	2.547492e-02
4.765647e+02	1.277149e-02
4.784709e+02	7.654728e-03
4.803848e+02	1.083395e-02
4.823063e+02	1.220589e-02
4.842356e+02	1.763252e-02
4.861725e+02	1.976286e-02
4.881172e+02	2.910009e-02
4.900697e+02	1.847005e-02
4.920300e+02	2.711802e-02
4.939981e+02	3.755013e-02
4.959741e+02	1.947138e-02
4.979580e+02	2.290599e-02
4.999498e+02	2.043547e-02
5.019496e+02	1.701297e-02
5.039574e+02	2.478520e-02
5.059732e+02	1.687481e-02
5.079971e+02	1.837719e-02
5.100291e+02	1.375587e-02
5.120692e+02	1.262586e-02
5.141175e+02	1.159959e-02
5.161740e+02	8.869332e-03
5.182387e+02	5.632766e-03
5.203116e+02	1.011504e-02
5.223929e+02	2.593829e-02
5.244824e+02	2.202400e-02
5.265804e+02	1.873947e-02
5.286867e+02	2.272282e-02
5.308014e+02	2.423456e-02
5.329246e+02	1.869923e-02
5.350563e+02	2.100444e-02
5.371966e+02	1.553738e-02
5.393453e+02	1.742077e-02
5.415027e+02	1.700772e-02
5.436687e+02	1.497130e-02
5.458434e+02	9.952934e-03
5.480268e+02	1.293558e-02
5.502189e+02	1.266903e-02
5.524198e+02	1.420416e-02
5.546295e+02	1.607129e-02
5.568480e+02	1.439469e-02
5.590754e+02	1.186407e-02
5.613117e+02	8.819721e-03
5.635569e+02	6.972284e-03
5.658111e+02	8.963600e-03
5.680744e+02	7.713212e-03
5.703467e+02	9.288092e-03
5.726281e+02	9.465214e-03
5.749186e+02	9.937260e-03
5.772183e+02	8.815284e-03
5.795271e+02	1.015221e-02
5.818452e+02	9.131881e-03
5.841726e+02	6.902316e-03
5.865093e+02	3.193518e-03
5.888553e+02	2.960839e-04
5.912108e+02	1.592707e-03
5.935756e+02	4.618023e-03
5.959499e+02	5.731349e-03
5.983337e+02	7.413926e-03
6.007270e+02	8.894525e-03
6.031300e+02	1.133523e-02
6.055425e+02	1.471415e-02
6.079646e+02	1.871504e-02
6.103965e+02	2.226622e-02
6.128381e+02	2.716572e-02
6.152894e+02	2.283871e-02
6.177506e+02	1.254190e-02
6.202216e+02	1.052553e-02
6.227025e+02	8.202976e-03
6.251933e+02	1.045828e-02
6.276941e+02	1.213934e-02
6.302048e+02	1.571661e-02
6.327257e+02	2.105920e-02
6.352566e+02	2.283872e-02
6.377976e+02	1.882261e-02
6.403488e+02	3.212555e-02
6.429102e+02	4.291273e-02
6.454818e+02	5.585175e-02
6.480637e+02	6.051761e-02
6.506560e+02	6.750139e-02
6.532586e+02	8.166062e-02
6.558717e+02	5.065727e-02
6.584951e+02	4.430658e-02
6.611291e+02	3.572395e-02
6.637736e+02	2.788176e-02
6.664287e+02	2.459081e-02
6.690945e+02	2.318152e-02
6.717708e+02	2.326130e-02
6.744579e+02	2.582089e-02
6.771557e+02	3.449383e-02
6.798644e+02	3.109150e-02
6.825838e+02	3.333992e-02
6.853142e+02	2.838722e-02
6.880554e+02	2.532656e-02
6.908076e+02	2.612812e-02
6.935709e+02	3.486488e-02
6.963452e+02	4.797275e-02
6.991305e+02	5.671243e-02
7.019271e+02	7.079558e-02
7.047348e+02	1.233171e-01
7.075537e+02	7.989605e-02
7.103839e+02	5.868177e-02
7.132255e+02	5.130565e-02
7.160784e+02	5.783997e-02
7.189427e+02	7.250780e-02
7.218184e+02	6.984710e-02
7.247057e+02	9.674092e-02
7.276045e+02	1.135005e-01
7.305150e+02	1.490480e-01
7.334370e+02	1.817905e-01
7.363708e+02	2.021130e-01
7.393162e+02	2.101096e-01
7.422735e+02	2.074151e-01
7.452426e+02	1.965506e-01
7.482236e+02	2.069791e-01
7.512165e+02	2.031816e-01
7.542213e+02	2.164750e-01
7.572382e+02	2.127490e-01
7.602672e+02	1.670739e-01
7.633082e+02	1.176509e-01
7.663615e+02	1.641134e-02
7.694269e+02	2.010760e-02
7.725046e+02	7.843779e-02
7.755946e+02	1.162584e-01
7.786970e+02	1.367058e-01
7.818118e+02	1.682486e-01
7.849391e+02	1.261888e-01
7.880788e+02	1.556563e-01
7.912311e+02	1.393208e-01
7.943961e+02	1.690534e-01
7.975736e+02	1.751610e-01
8.007639e+02	2.047201e-01
8.039670e+02	2.371181e-01
8.071829e+02	2.794949e-01
8.104116e+02	3.115866e-01
8.136532e+02	3.585379e-01
8.169078e+02	3.385611e-01
8.201755e+02	2.331801e-01
8.234562e+02	3.368126e-01
8.267500e+02	3.351549e-01
8.300570e+02	2.884867e-01
8.333772e+02	3.240117e-01
8.367107e+02	3.072855e-01
8.400576e+02	3.206099e-01
8.434178e+02	2.448232e-01
8.467915e+02	1.506782e-01
8.501787e+02	1.808359e-01
8.535794e+02	1.881598e-01
8.569937e+02	2.248095e-01
8.604217e+02	2.623448e-01
8.638633e+02	2.743912e-01
8.673188e+02	3.281784e-01
8.707881e+02	2.901829e-01
8.742712e+02	3.171689e-01
8.777683e+02	3.687944e-01
8.812794e+02	3.980823e-01
8.848045e+02	4.299726e-01
8.883437e+02	2.916467e-01
8.918971e+02	3.928792e-01
8.954647e+02	3.305997e-01
8.990465e+02	3.963254e-01
9.026427e+02	3.467153e-01
9.062533e+02	3.488460e-01
9.098783e+02	3.986797e-01
9.135178e+02	4.282701e-01
9.171719e+02	4.733147e-01
9.208406e+02	4.952266e-01
9.245240e+02	4.768429e-01
9.282220e+02	4.722577e-01
9.319349e+02	4.483477e-01
9.356627e+02	4.604115e-01
9.394053e+02	4.405610e-01
9.431629e+02	4.818640e-01
9.469356e+02	5.166153e-01
9.507233e+02	5.299173e-01
9.545262e+02	5.466032e-01
9.583443e+02	5.305744e-01
9.621777e+02	5.455100e-01
9.660264e+02	5.462635e-01
9.698905e+02	5.671087e-01
9.737701e+02	4.839956e-01
9.776652e+02	4.768219e-01
9.815758e+02	4.794068e-01
9.855021e+02	4.652357e-01
9.894441e+02	4.196548e-01
9.934019e+02	2.958750e-01
9.973755e+02	3.636396e-01
1.001365e+03	3.671882e-01
1.005370e+03	3.576448e-01
1.009392e+03	3.958960e-01
1.013430e+03	4.243113e-01
1.017483e+03	4.358584e-01
1.021553e+03	4.549340e-01
1.025639e+03	4.348137e-01
1.029742e+03	4.272377e-01
1.033861e+03	4.341954e-01
1.037996e+03	4.861044e-01
1.042148e+03	4.858133e-01
1.046317e+03	5.259939e-01
1.050502e+03	5.196627e-01
1.054704e+03	5.490793e-01
1.058923e+03	5.425230e-01
1.063159e+03	5.417493e-01
1.067411e+03	5.212192e-01
1.071681e+03	5.276214e-01
1.075968e+03	5.625539e-01
1.080272e+03	5.613631e-01
1.084593e+03	5.844833e-01
1.088931e+03	5.713622e-01
1.093287e+03	5.790386e-01
1.097660e+03	5.544405e-01
1.102051e+03	5.513194e-01
1.106459e+03	5.291259e-01
1.110885e+03	5.228861e-01
1.115328e+03	5.530065e-01
1.119789e+03	5.500995e-01
1.124269e+03	5.726900e-01
1.128766e+03	5.740038e-01
1.133281e+03	5.641174e-01
1.137814e+03	4.664858e-01
1.142365e+03	4.857469e-01
1.146935e+03	5.850860e-01
1.151522e+03	6.048937e-01
1.156128e+03	5.980720e-01
1.160753e+03	5.946518e-01
1.165396e+03	6.055748e-01
1.170058e+03	5.095693e-01
1.174738e+03	5.434105e-01
1.179437e+03	4.616144e-01
1.184154e+03	5.673442e-01
1.188891e+03	5.932095e-01
1.193647e+03	5.944529e-01
1.198421e+03	5.382726e-01
1.203215e+03	5.517873e-01
1.208028e+03	5.886234e-01
1.212860e+03	5.677579e-01
1.217711e+03	5.953309e-01
1.222582e+03	5.801800e-01
1.227473e+03	6.114595e-01
1.232382e+03	6.039922e-01
1.237312e+03	5.982001e-01
1.242261e+03	4.693599e-01
1.247230e+03	5.740420e-01
1.252219e+03	4.619687e-01
1.257228e+03	5.709505e-01
1.262257e+03	5.702916e-01
1.267306e+03	5.935979e-01
1.272375e+03	5.898711e-01
1.277465e+03	5.948865e-01
1.282575e+03	6.009259e-01
1.287705e+03	5.565000e-01
1.292856e+03	5.581151e-01
1.298027e+03	5.720988e-01
1.303219e+03	5.806118e-01
1.308432e+03	5.692317e-01
1.313666e+03	5.834615e-01
1.318920e+03	5.818041e-01
1.324196e+03	5.516537e-01
1.329493e+03	5.156305e-01
1.334811e+03	4.032236e-01
1.340150e+03	3.833156e-01
1.345511e+03	3.727157e-01
1.350893e+03	3.700486e-01
1.356296e+03	3.517636e-01
1.361722e+03	3.598547e-01
1.367168e+03	3.729147e-01
1.372637e+03	3.690834e-01
1.378128e+03	3.857595e-01
1.383640e+03	3.803376e-01
1.389175e+03	3.665553e-01
1.394731e+03	3.522389e-01
1.400310e+03	3.398944e-01
1.405912e+03	3.454782e-01
1.411535e+03	3.178896e-01
1.417181e+03	3.079349e-01
1.422850e+03	3.101320e-01
1.428542e+03	3.051749e-01
1.434256e+03	3.052706e-01
1.439993e+03	3.118719e-01
1.445753e+03	3.189233e-01
1.451536e+03	3.203394e-01
1.457342e+03	3.358839e-01
1.463171e+03	3.214575e-01
1.469024e+03	3.144519e-01
1.474900e+03	3.225254e-01
1.480800e+03	3.268721e-01
1.486723e+03	3.265596e-01
1.492670e+03	3.314748e-01
1.498640e+03	3.346378e-01
1.504635e+03	3.420306e-01
1.510653e+03	3.442751e-01
1.516696e+03	3.468179e-01
1.522763e+03	3.593619e-01
1.528854e+03	3.632925e-01
1.534969e+03	3.632209e-01
1.541109e+03	3.645955e-01
1.547274e+03	3.760630e-01
1.553463e+03	3.806947e-01
1.559677e+03	3.812358e-01
1.565915e+03	3.906788e-01
1.572179e+03	3.932633e-01
1.578468e+03	4.042494e-01
1.584782e+03	4.085242e-01
1.591121e+03	4.092631e-01
1.597485e+03	4.160208e-01
1.603875e+03	4.187868e-01
1.610291e+03	4.202616e-01
1.616732e+03	4.236993e-01
1.623199e+03	4.270580e-01
1.629691e+03	4.317047e-01
1.636210e+03	4.382239e-01
1.642755e+03	4.396923e-01
1.649326e+03	4.415314e-01
1.655923e+03	4.438472e-01
1.662547e+03	4.432999e-01
1.669197e+03	4.454388e-01
1.675874e+03	4.465827e-01
1.682578e+03	4.438255e-01
1.689308e+03	4.349364e-01
1.696065e+03	4.252196e-01
1.702849e+03	4.153058e-01
1.709661e+03	3.972938e-01
1.716499e+03	3.682919e-01
1.723365e+03	3.639505e-01
1.730259e+03	3.500936e-01
1.737180e+03	3.302631e-01
1.744129e+03	3.180726e-01
1.751105e+03	3.076696e-01
1.758110e+03	2.858111e-01
1.765142e+03	2.758092e-01
1.772203e+03	2.640775e-01
1.779291e+03	2.440088e-01
1.786409e+03	2.385227e-01
1.793554e+03	2.269507e-01
1.800728e+03	2.235162e-01
1.807931e+03	2.087489e-01
1.815163e+03	2.166494e-01
1.822424e+03	2.119680e-01
1.829713e+03	2.050218e-01
1.837032e+03	2.059079e-01
1.844380e+03	1.881766e-01
1.851758e+03	1.838993e-01
1.859165e+03	1.602302e-01
1.866602e+03	1.784525e-01
1.874068e+03	1.769936e-01
1.881564e+03	1.831796e-01
1.889090e+03	1.889710e-01
1.896647e+03	1.930613e-01
1.904233e+03	1.940650e-01
1.911850e+03	1.988090e-01
1.919498e+03	1.922059e-01
1.927176e+03	1.907557e-01
1.934884e+03	1.902918e-01
1.942624e+03	1.739818e-01
1.950394e+03	1.838357e-01
1.958196e+03	1.798175e-01
1.966029e+03	1.807930e-01
1.973893e+03	1.726696e-01
1.981789e+03	1.672509e-01
1.989716e+03	1.679081e-01
1.997675e+03	1.674668e-01
2.005665e+03	1.669500e-01
2.013688e+03	1.648956e-01
2.021743e+03	1.709967e-01
2.029830e+03	1.677909e-01
2.037949e+03	1.702396e-01
2.046101e+03	1.710653e-01
2.054285e+03	1.770066e-01
2.062502e+03	1.758036e-01
2.070752e+03	1.803371e-01
2.079035e+03	1.822864e-01
2.087351e+03	1.824289e-01
2.095701e+03	1.862878e-01
2.104084e+03	1.910872e-01
2.112500e+03	1.932320e-01
2.120950e+03	1.949944e-01
2.129434e+03	1.943219e-01
2.137952e+03	1.974767e-01
2.146503e+03	2.026706e-01
2.155089e+03	2.026686e-01
2.163710e+03	2.049646e-01
2.172365e+03	2.058349e-01
2.181054e+03	2.052701e-01
2.189778e+03	2.056987e-01
2.198537e+03	2.071904e-01
2.207331e+03	1.996215e-01
2.216161e+03	2.064799e-01
2.225025e+03	2.065683e-01
2.233926e+03	2.058074e-01
2.242861e+03	2.058497e-01
2.251833e+03	2.037318e-01
2.260840e+03	2.013477e-01
2.269883e+03	2.012807e-01
2.278963e+03	1.992231e-01
2.288079e+03	1.993477e-01
2.297231e+03	1.651285e-01
2.306420e+03	1.764935e-01
2.315646e+03	1.744202e-01
2.324908e+03	1.537435e-01
2.334208e+03	1.587862e-01
2.343545e+03	1.590470e-01
2.352919e+03	1.438954e-01
2.362331e+03	1.443003e-01
2.371780e+03	1.488293e-01
2.381267e+03	1.372251e-01
2.390792e+03	1.330746e-01
2.400355e+03	1.335663e-01
2.409957e+03	1.227792e-01
2.419597e+03	1.196747e-01
2.429275e+03	1.121399e-01
2.438992e+03	1.064850e-01
2.448748e+03	9.960513e-02
2.458543e+03	9.695571e-02
2.468377e+03	9.341303e-02
2.478251e+03	8.256016e-02
2.488164e+03	8.318892e-02
2.498116e+03	8.196694e-02
2.508109e+03	7.234378e-02
2.518141e+03	7.248288e-02
2.528214e+03	6.760359e-02
2.538327e+03	6.657120e-02
2.548480e+03	6.597801e-02
2.558674e+03	6.496804e-02
2.568909e+03	6.662064e-02
2.579184e+03	6.201051e-02
2.589501e+03	6.574861e-02
2.599859e+03	6.692097e-02
2.610258e+03	6.940572e-02
2.620699e+03	6.707687e-02
2.631182e+03	6.750781e-02
2.641707e+03	6.878392e-02
2.652274e+03	7.221434e-02
2.662883e+03	7.229094e-02
2.673534e+03	6.346398e-02
2.684229e+03	6.227951e-02
2.694965e+03	5.827551e-02
2.705745e+03	5.757731e-02
2.716568e+03	5.575861e-02
2.727435e+03	5.417833e-02
2.738344e+03	5.298262e-02
2.749298e+03	5.452980e-02
2.760295e+03	5.447862e-02
2.771336e+03	5.183915e-02
2.782421e+03	4.949317e-02
2.793551e+03	5.257488e-02
2.804725e+03	4.776039e-02
2.815944e+03	4.731766e-02
2.827208e+03	5.191730e-02
2.838517e+03	4.645758e-02
2.849871e+03	4.653151e-02
2.861270e+03	4.904794e-02
2.872715e+03	4.696971e-02
2.884206e+03	4.686802e-02
2.895743e+03	4.811001e-02
2.907326e+03	4.415322e-02
2.918955e+03	4.511133e-02
2.930631e+03	4.598518e-02
2.942354e+03	4.405243e-02
2.954123e+03	4.499192e-02
2.965940e+03	4.374245e-02
2.977803e+03	4.557894e-02
2.989715e+03	4.404751e-02
3.001673e+03	4.452415e-02
3.013680e+03	4.536039e-02
3.025735e+03	4.241111e-02
3.037838e+03	4.649659e-02
3.049989e+03	4.300849e-02
3.062189e+03	4.616714e-02
3.074438e+03	4.453611e-02
3.086736e+03	4.451116e-02
3.099083e+03	4.606674e-02
3.111479e+03	4.400354e-02
3.123925e+03	4.590793e-02
3.136421e+03	4.527250e-02
3.148966e+03	4.549685e-02
3.161562e+03	4.604733e-02
3.174208e+03	4.447240e-02
3.186905e+03	4.793583e-02
3.199653e+03	4.341031e-02
3.212451e+03	4.769493e-02
3.225301e+03	4.663668e-02
3.238202e+03	4.619069e-02
3.251155e+03	4.783196e-02
3.264160e+03	4.759282e-02
3.277216e+03	4.699809e-02
3.290325e+03	4.757796e-02
3.303487e+03	4.771182e-02
3.316701e+03	4.706709e-02
3.329967e+03	4.943128e-02
3.343287e+03	4.628070e-02
3.356660e+03	4.761564e-02
3.370087e+03	4.826105e-02
3.383567e+03	4.701798e-02
3.397102e+03	4.771497e-02
3.410690e+03	4.706892e-02
3.424333e+03	4.731941e-02
3.438030e+03	4.729345e-02
3.451782e+03	4.723393e-02
3.465589e+03	4.767178e-02
3.479452e+03	4.720151e-02
3.493370e+03	4.552952e-02
3.507343e+03	4.825148e-02
3.521372e+03	4.599509e-02
3.535458e+03	4.665829e-02
3.549600e+03	4.655271e-02
3.563798e+03	4.625684e-02
3.578053e+03	4.629059e-02
3.592366e+03	4.661717e-02
3.606735e+03	4.623450e-02
3.621162e+03	4.574175e-02
3.635647e+03	4.578104e-02
3.650189e+03	4.573503e-02
3.664790e+03	4.565055e-02
3.679449e+03	4.492289e-02
3.694167e+03	4.498040e-02
3.708944e+03	4.569143e-02
3.723779e+03	4.558776e-02
3.738674e+03	4.398737e-02
3.753629e+03	4.525844e-02
3.768644e+03	4.426320e-02
3.783718e+03	4.509318e-02
3.798853e+03	4.440756e-02
3.814049e+03	4.407177e-02
3.829305e+03	4.267842e-02
3.844622e+03	4.329163e-02
3.860000e+03	4.349120e-02
3.875440e+03	4.267336e-02
3.890942e+03	4.202641e-02
3.906506e+03	4.178928e-02
3.922132e+03	4.149013e-02
3.937821e+03	4.071273e-02
3.953572e+03	3.981769e-02
3.969386e+03	3.902814e-02
3.985264e+03	3.768579e-02
4.001205e+03	3.699023e-02
4.017209e+03	3.651298e-02
4.033278e+03	3.540347e-02
4.049411e+03	3.364732e-02
4.065609e+03	3.363585e-02
4.081872e+03	3.110835e-02
4.098199e+03	3.170431e-02
4.114592e+03	3.069612e-02
4.131050e+03	2.985810e-02
4.147574e+03	3.024606e-02
4.164165e+03	2.802081e-02
4.180821e+03	2.838207e-02
4.197545e+03	2.820033e-02
4.214335e+03	2.670096e-02
4.231192e+03	2.762529e-02
4.248117e+03	2.495088e-02
4.265109e+03	2.513137e-02
4.282170e+03	2.514880e-02
4.299298e+03	2.341870e-02
4.316496e+03	2.284977e-02
4.333762e+03	2.181803e-02
4.351097e+03	2.081011e-02
4.368501e+03	1.973584e-02
4.385975e+03	1.894645e-02
4.403519e+03	1.811397e-02
4.421133e+03	1.773504e-02
4.438818e+03	1.678350e-02
4.456573e+03	1.660234e-02
4.474399e+03	1.572076e-02
4.492297e+03	1.560468e-02
4.510266e+03	1.548393e-02
4.528307e+03	1.478857e-02
4.546420e+03	1.490984e-02
4.564606e+03	1.408256e-02
4.582864e+03	1.467356e-02
4.601196e+03	1.446591e-02
4.619601e+03	1.425812e-02
4.638079e+03	1.413395e-02
4.656631e+03	1.460313e-02
4.675258e+03	1.397719e-02
4.693959e+03	1.451976e-02
4.712735e+03	1.377810e-02
4.731586e+03	1.387591e-02
4.750512e+03	1.359245e-02
4.769514e+03	1.291349e-02
4.788592e+03	1.275826e-02
4.807746e+03	1.294652e-02
4.826977e+03	1.276591e-02
4.846285e+03	1.252962e-02
4.865670e+03	1.234781e-02
4.885133e+03	1.205329e-02
4.904674e+03	1.182266e-02
4.924292e+03	1.158611e-02
4.943990e+03	1.138674e-02
4.963766e+03	1.076869e-02
4.983621e+03	1.179013e-02
5.003555e+03	1.075085e-02
5.023569e+03	1.021528e-02
5.043664e+03	1.084023e-02
5.063838e+03	1.058171e-02
5.084094e+03	1.018840e-02
5.104430e+03	1.049442e-02
5.124848e+03	1.009384e-02
5.145347e+03	1.036038e-02
5.165928e+03	9.766987e-03
5.186592e+03	1.044792e-02
5.207339e+03	9.651085e-03
5.228168e+03	1.009064e-02
5.249081e+03	9.589169e-03
5.270077e+03	9.645473e-03
5.291157e+03	9.476629e-03
5.312322e+03	9.575871e-03
5.333571e+03	9.573005e-03
5.354905e+03	9.078499e-03
5.376325e+03	9.176253e-03
5.397830e+03	9.020583e-03
5.419422e+03	8.175546e-03
5.441099e+03	8.886832e-03
5.462864e+03	8.514957e-03
5.484715e+03	8.496448e-03
5.506654e+03	8.504239e-03
5.528681e+03	7.881613e-03
5.550795e+03	7.894627e-03
5.572999e+03	7.737614e-03
5.595291e+03	8.163481e-03
5.617672e+03	7.745872e-03
5.640142e+03	7.886861e-03
5.662703e+03	7.661604e-03
5.685354e+03	7.210436e-03
5.708095e+03	7.340413e-03
5.730928e+03	6.978023e-03
5.753851e+03	7.541044e-03
5.776867e+03	6.919027e-03
5.799974e+03	7.251317e-03
5.823174e+03	6.648623e-03
5.846467e+03	6.766402e-03
5.869853e+03	6.755506e-03
5.893332e+03	6.607776e-03
5.916905e+03	6.957499e-03
5.940573e+03	6.348115e-03
5.964335e+03	6.671953e-03
5.988193e+03	6.601948e-03
6.012145e+03	6.761721e-03
6.036194e+03	6.225196e-03
6.060339e+03	6.341420e-03
6.084580e+03	6.696289e-03
6.108918e+03	6.201830e-03
6.133354e+03	6.868478e-03
6.157888e+03	6.380790e-03
6.182519e+03	6.250832e-03
6.207249e+03	6.361208e-03
6.232078e+03	6.322317e-03
6.257006e+03	6.140705e-03
6.282034e+03	6.188067e-03
6.307163e+03	6.064736e-03
6.332391e+03	6.060109e-03
6.357721e+03	5.918168e-03
6.383152e+03	5.600055e-03
6.408684e+03	5.218840e-03
6.434319e+03	5.368854e-03
6.460056e+03	4.795935e-03
6.485897e+03	4.249604e-03
6.511840e+03	4.339616e-03
6.537887e+03	4.235139e-03
6.564039e+03	3.959256e-03
6.590295e+03	3.756399e-03
6.616656e+03	3.754855e-03
6.643123e+03	3.663490e-03
6.669695e+03	3.694447e-03
6.696374e+03	3.664937e-03
6.723160e+03	3.630145e-03
6.750052e+03	3.756538e-03
6.777053e+03	3.464696e-03
6.804161e+03	3.464408e-03
6.831377e+03	3.309789e-03
6.858703e+03	3.439264e-03
6.886138e+03	3.448210e-03
6.913682e+03	3.400624e-03
6.941337e+03	3.397777e-03
6.969102e+03	3.358747e-03
6.996979e+03	3.409717e-03
7.024967e+03	3.262406e-03
7.053067e+03	3.200583e-03
7.081279e+03	3.180493e-03
7.109604e+03	3.047097e-03
7.138042e+03	3.205034e-03
7.166595e+03	3.166125e-03
7.195261e+03	3.108816e-03
7.224042e+03	3.018753e-03
7.252938e+03	2.991248e-03
7.281950e+03	2.996390e-03
7.311078e+03	3.047228e-03
7.340322e+03	2.834620e-03
7.369683e+03	2.819386e-03
7.399162e+03	2.959529e-03
7.428759e+03	2.723451e-03
7.458474e+03	2.756080e-03
7.488308e+03	2.766110e-03
7.518261e+03	2.727758e-03
7.548334e+03	2.743762e-03
7.578527e+03	2.557522e-03
7.608841e+03	2.425015e-03
7.639277e+03	2.596926e-03
7.669834e+03	2.480735e-03
7.700513e+03	2.500451e-03
7.731315e+03	2.431637e-03
7.762240e+03	2.358372e-03
7.793289e+03	2.382644e-03
7.824463e+03	2.425783e-03
7.855760e+03	2.329803e-03
7.887183e+03	2.112981e-03
7.918732e+03	2.228328e-03
7.950407e+03	2.192519e-03
7.982209e+03	2.126978e-03
8.014138e+03	2.194722e-03
8.046194e+03	2.043705e-03
8.078379e+03	2.101763e-03
8.110692e+03	1.994884e-03
8.143135e+03	2.030081e-03
8.175708e+03	2.001074e-03
8.208411e+03	1.912027e-03
8.241244e+03	1.974728e-03
8.274209e+03	1.863989e-03
8.307306e+03	1.928752e-03
8.340535e+03	1.816762e-03
8.373897e+03	1.776175e-03
8.407393e+03	1.908285e-03
8.441023e+03	1.763314e-03
8.474787e+03	1.860076e-03
8.508686e+03	1.752925e-03
8.542721e+03	1.781415e-03
8.576891e+03	1.736564e-03
8.611199e+03	1.775449e-03
8.645644e+03	1.764986e-03
8.680226e+03	1.707474e-03
8.714947e+03	1.716703e-03
8.749807e+03	1.613121e-03
8.784806e+03	1.673771e-03
8.819946e+03	1.627303e-03
8.855225e+03	1.610813e-03
8.890646e+03	1.663559e-03
8.926209e+03	1.647378e-03
8.961914e+03	1.547233e-03
8.997761e+03	1.592180e-03
9.033752e+03	1.564345e-03
9.069887e+03	1.567006e-03
9.106167e+03	1.523300e-03
9.142592e+03	1.539957e-03
9.179162e+03	1.519958e-03
9.215879e+03	1.501213e-03
9.252742e+03	1.438599e-03
9.289753e+03	1.448245e-03
9.326912e+03	1.439214e-03
9.364220e+03	1.485705e-03
9.401677e+03	1.377825e-03
9.439283e+03	1.358638e-03
9.477040e+03	1.382913e-03
9.514949e+03	1.361365e-03
9.553008e+03	1.408432e-03
9.591220e+03	1.312071e-03
9.629585e+03	1.300754e-03
9.668104e+03	1.297500e-03
9.706776e+03	1.279139e-03
9.745603e+03	1.299692e-03
9.784586e+03	1.308691e-03
9.823724e+03	1.238191e-03
9.863019e+03	1.245178e-03
9.902471e+03	1.098770e-03
9.942081e+03	1.207645e-03
9.981849e+03	1.173849e-03
1.002178e+04	1.169377e-03
1.006186e+04	1.128221e-03
1.010211e+04	1.084495e-03
1.014252e+04	1.130798e-03
1.018309e+04	1.115931e-03
1.022382e+04	1.068457e-03
1.026472e+04	1.047595e-03
1.030578e+04	1.036189e-03
1.034700e+04	1.011049e-03
1.038839e+04	9.877493e-04
1.042994e+04	9.668000e-04
1.047166e+04	9.431181e-04
1.051355e+04	9.726249e-04
1.055560e+04	9.334229e-04
1.059782e+04	8.998407e-04
1.064022e+04	9.219301e-04
1.068278e+04	9.272130e-04
1.072551e+04	8.714004e-04
1.076841e+04	8.534476e-04
1.081148e+04	8.725852e-04
1.085473e+04	8.841831e-04
1.089815e+04	7.913549e-04
1.094174e+04	8.214320e-04
1.098551e+04	7.442013e-04
1.102945e+04	7.552590e-04
1.107357e+04	7.613351e-04
1.111786e+04	7.537786e-04
1.116233e+04	7.353611e-04
1.120698e+04	7.174704e-04
1.125181e+04	7.157540e-04
1.129682e+04	7.001472e-04
1.134200e+04	6.903645e-04
1.138737e+04	6.919791e-04
1.143292e+04	6.749129e-04
1.147865e+04	6.649148e-04
1.152457e+04	6.473358e-04
1.157067e+04	6.207347e-04
1.161695e+04	6.121774e-04
1.166342e+04	6.239769e-04
1.171007e+04	5.892458e-04
1.175691e+04	5.527318e-04
1.180394e+04	5.724010e-04
1.185115e+04	5.610400e-04
1.189856e+04	5.573661e-04
1.194615e+04	5.547960e-04
1.199394e+04	5.486002e-04
1.204191e+04	5.430594e-04
1.209008e+04	5.125767e-04
1.213844e+04	5.056080e-04
1.218700e+04	5.258326e-04
1.223574e+04	4.940163e-04
1.228469e+04	5.053174e-04
1.233382e+04	4.771623e-04
1.238316e+04	4.740817e-04
1.243269e+04	4.353885e-04
1.248242e+04	4.674513e-04
1.253235e+04	4.309903e-04
1.258248e+04	4.432909e-04
1.263281e+04	4.338576e-04
1.268334e+04	4.284229e-04
1.273408e+04	4.363929e-04
1.278501e+04	4.016644e-04
1.283615e+04	3.931488e-04
1.288750e+04	4.186735e-04
1.293905e+04	3.810186e-04
1.299080e+04	3.941461e-04
1.304277e+04	3.724690e-04
1.309494e+04	3.804575e-04
1.314732e+04	3.670434e-04
1.319991e+04	3.652976e-04
1.325271e+04	3.415604e-04
1.330572e+04	3.363097e-04
1.335894e+04	3.447369e-04
1.341238e+04	3.447504e-04
1.346603e+04	3.186656e-04
1.351989e+04	3.347531e-04
1.357397e+04	3.193966e-04
1.362827e+04	3.160533e-04
1.368278e+04	3.125445e-04
1.373751e+04	2.937654e-04
1.379246e+04	3.110952e-04
1.384763e+04	2.806695e-04
1.390302e+04	3.064582e-04
1.395863e+04	2.945114e-04
1.401447e+04	2.739408e-04
1.407052e+04	2.960935e-04
1.412681e+04	2.676388e-04
1.418331e+04	2.558621e-04
1.424005e+04	2.639817e-04
1.429701e+04	2.725245e-04
1.435420e+04	2.497235e-04
1.441161e+04	2.493803e-04
1.446926e+04	2.368078e-04
1.452714e+04	2.448994e-04
1.458524e+04	2.412647e-04
1.464359e+04	2.312717e-04
1.470216e+04	2.287304e-04
1.476097e+04	2.417595e-04
1.482001e+04	2.247646e-04
1.487929e+04	2.135687e-04
1.493881e+04	2.187970e-04
1.499856e+04	2.130966e-04
1.505856e+04	2.125149e-04
1.511879e+04	2.052731e-04
1.517927e+04	2.000859e-04
1.523999e+04	2.090880e-04
1.530095e+04	2.018777e-04
1.536215e+04	1.936725e-04
1.542360e+04	1.879162e-04
1.548529e+04	1.893963e-04
1.554723e+04	1.777687e-04
1.560942e+04	1.850966e-04
1.567186e+04	1.829524e-04
1.573455e+04	1.718399e-04
1.579749e+04	1.769674e-04
1.586068e+04	1.715992e-04
1.592412e+04	1.797576e-04
1.598781e+04	1.557677e-04
1.605177e+04	1.626987e-04
1.611597e+04	1.552132e-04
1.618044e+04	1.632561e-04
1.624516e+04	1.474567e-04
1.631014e+04	1.576235e-04
1.637538e+04	1.573260e-04
1.644088e+04	1.521602e-04
1.650665e+04	1.439852e-04
1.657267e+04	1.420280e-04
1.663896e+04	1.312475e-04
1.670552e+04	1.414857e-04
1.677234e+04	1.465013e-04
1.683943e+04	1.384592e-04
1.690679e+04	1.326676e-04
1.697441e+04	1.322848e-04
1.704231e+04	1.433872e-04
1.711048e+04	1.183898e-04
1.717892e+04	1.296407e-04
1.724764e+04	1.190153e-04
1.731663e+04	1.192355e-04
1.738590e+04	1.127980e-04
1.745544e+04	1.217833e-04
1.752526e+04	1.173366e-04
1.759536e+04	1.119327e-04
1.766574e+04	1.097463e-04
1.773641e+04	1.092940e-04
1.780735e+04	1.090771e-04
1.787858e+04	1.131926e-04
1.795010e+04	1.018658e-04
1.802190e+04	1.093865e-04
1.809398e+04	1.044686e-04
1.816636e+04	9.271343e-05
1.823903e+04	1.026213e-04
1.831198e+04	1.022470e-04
1.838523e+04	9.728979e-05
1.845877e+04	9.565860e-05
1.853261e+04	8.727739e-05
1.860674e+04	8.404260e-05
1.868116e+04	8.996604e-05
1.875589e+04	8.702684e-05
1.883091e+04	9.377688e-05
1.890623e+04	8.619439e-05
1.898186e+04	8.201510e-05
1.905779e+04	8.891351e-05
1.913402e+04	8.695554e-05
1.921055e+04	7.698796e-05
1.928740e+04	7.890874e-05
1.936455e+04	8.120186e-05
1.944200e+04	6.985544e-05
1.951977e+04	8.195230e-05
1.959785e+04	7.243257e-05
1.967624e+04	7.342089e-05
1.991080e+04	7.107162e-05
