# Interpolated spectrum of TRAPPIST-1 at 1 AU
# WL(nm)	Flux(ergs/cm**2/s/nm)
1.000553e+02	1.392499e-08
1.004555e+02	1.087967e-26
1.008574e+02	1.820761e-26
1.012608e+02	1.977739e-26
1.016658e+02	1.949023e-26
1.020725e+02	3.184943e-23
1.024808e+02	8.460076e-25
1.028907e+02	8.129910e-26
1.033023e+02	8.763015e-23
1.037155e+02	6.645138e-26
1.041303e+02	1.171976e-25
1.045469e+02	1.285741e-24
1.049650e+02	1.418527e-26
1.053849e+02	6.054241e-24
1.058064e+02	5.909530e-26
1.062297e+02	1.166801e-23
1.066546e+02	2.969028e-24
1.070812e+02	8.218451e-25
1.075095e+02	3.713485e-22
1.079396e+02	1.223204e-24
1.083713e+02	1.488119e-22
1.088048e+02	4.050450e-23
1.092400e+02	5.276518e-20
1.096770e+02	7.989443e-23
1.101157e+02	9.906807e-23
1.105562e+02	2.482290e-20
1.109984e+02	4.592628e-21
1.114424e+02	5.435175e-22
1.118881e+02	7.936322e-23
1.123357e+02	5.076284e-22
1.127850e+02	1.614114e-18
1.132362e+02	4.732564e-19
1.136891e+02	3.621981e-19
1.141439e+02	4.357884e-19
1.146005e+02	3.507029e-19
1.150589e+02	3.362546e-19
1.155191e+02	1.814958e-19
1.159812e+02	6.533256e-19
1.164451e+02	1.079821e-19
1.169109e+02	1.220897e-19
1.173785e+02	8.236221e-19
1.178480e+02	2.969400e-18
1.183194e+02	1.493628e-18
1.187927e+02	2.449951e-19
1.192679e+02	7.910404e-19
1.197450e+02	9.490450e-19
1.202239e+02	1.146883e-20
1.207048e+02	1.607484e-19
1.211876e+02	6.230769e-21
1.216724e+02	5.718804e-23
1.221591e+02	4.220590e-20
1.226477e+02	1.978657e-19
1.231383e+02	5.338894e-20
1.236309e+02	2.207082e-19
1.241254e+02	5.950897e-20
1.246219e+02	1.020273e-20
1.251204e+02	1.108538e-20
1.256209e+02	5.367565e-19
1.261233e+02	6.456562e-19
1.266278e+02	5.589242e-21
1.271343e+02	2.013209e-19
1.276429e+02	2.452488e-19
1.281535e+02	1.773921e-20
1.286661e+02	1.014763e-19
1.291807e+02	3.446487e-19
1.296975e+02	2.025387e-19
1.302162e+02	3.628134e-20
1.307371e+02	8.420116e-19
1.312601e+02	7.032707e-19
1.317851e+02	6.841565e-19
1.323122e+02	5.887076e-18
1.328415e+02	6.223726e-18
1.333729e+02	3.369591e-18
1.339063e+02	1.833407e-19
1.344420e+02	2.990631e-18
1.349797e+02	1.263266e-17
1.355197e+02	7.704978e-18
1.360617e+02	1.953938e-17
1.366060e+02	3.029977e-18
1.371524e+02	1.918373e-19
1.377010e+02	1.369207e-18
1.382518e+02	7.824282e-17
1.388048e+02	2.797827e-17
1.393601e+02	1.715096e-18
1.399175e+02	1.007888e-18
1.404772e+02	8.052563e-17
1.410391e+02	9.399660e-18
1.416032e+02	2.910317e-16
1.421696e+02	2.185473e-19
1.427383e+02	4.160974e-17
1.433093e+02	4.119152e-15
1.438825e+02	2.043739e-16
1.444580e+02	2.007560e-15
1.450359e+02	1.450316e-16
1.456160e+02	5.452329e-15
1.461985e+02	6.550741e-15
1.467833e+02	8.247661e-16
1.473704e+02	5.061932e-15
1.479599e+02	2.694668e-17
1.485517e+02	1.628800e-15
1.491459e+02	5.804495e-15
1.497425e+02	6.816347e-16
1.503415e+02	4.633446e-14
1.509429e+02	2.091750e-15
1.515466e+02	1.884224e-17
1.521528e+02	1.427482e-16
1.527614e+02	1.741959e-19
1.533725e+02	4.193137e-19
1.539860e+02	9.535055e-20
1.546019e+02	5.793457e-23
1.552203e+02	9.462002e-22
1.558412e+02	4.977560e-22
1.564646e+02	2.527289e-22
1.570904e+02	9.432143e-22
1.577188e+02	7.779649e-23
1.583496e+02	1.021180e-21
1.589830e+02	4.938638e-21
1.596190e+02	3.998863e-22
1.602575e+02	6.890176e-22
1.608985e+02	2.036552e-21
1.615421e+02	1.085410e-21
1.621882e+02	1.388798e-21
1.628370e+02	1.435834e-21
1.634883e+02	2.496042e-21
1.641423e+02	3.899285e-21
1.647989e+02	4.185734e-21
1.654581e+02	9.864585e-22
1.661199e+02	1.025950e-20
1.667844e+02	1.074608e-20
1.674515e+02	3.198536e-20
1.681213e+02	1.795658e-19
1.687938e+02	4.479897e-20
1.694690e+02	2.431668e-18
1.701469e+02	7.945984e-19
1.708274e+02	1.008541e-18
1.715108e+02	1.410409e-18
1.721968e+02	9.850784e-19
1.728856e+02	2.566215e-18
1.735771e+02	7.922191e-19
1.742714e+02	3.249173e-19
1.749685e+02	1.225218e-17
1.756684e+02	1.398382e-18
1.763711e+02	2.895974e-17
1.770766e+02	5.714854e-17
1.777849e+02	1.652191e-18
1.784960e+02	1.216600e-16
1.792100e+02	6.326485e-17
1.799268e+02	5.992305e-17
1.806465e+02	6.582994e-16
1.813691e+02	9.173089e-18
1.820946e+02	1.360575e-16
1.828230e+02	2.785756e-16
1.835543e+02	2.050259e-18
1.842885e+02	3.627578e-16
1.850256e+02	4.101754e-15
1.857657e+02	3.573881e-17
1.865088e+02	1.785341e-15
1.872548e+02	6.108708e-16
1.880039e+02	4.658403e-17
1.887559e+02	5.556825e-15
1.895109e+02	9.863356e-16
1.902689e+02	1.402744e-16
1.910300e+02	2.126761e-14
1.917941e+02	1.150645e-15
1.925613e+02	3.876901e-15
1.933316e+02	2.750508e-14
1.941049e+02	7.503442e-15
1.948813e+02	4.280705e-15
1.956608e+02	5.961804e-14
1.964435e+02	3.525687e-15
1.972292e+02	1.670318e-14
1.980182e+02	3.949730e-14
1.988102e+02	9.925481e-15
1.996055e+02	6.924485e-15
2.004039e+02	7.798496e-15
2.012055e+02	6.413368e-15
2.020103e+02	5.093247e-15
2.028184e+02	2.079128e-15
2.036296e+02	3.599108e-15
2.044442e+02	1.988387e-15
2.052619e+02	7.927791e-15
2.060830e+02	3.889527e-15
2.069073e+02	3.490922e-15
2.077350e+02	4.342945e-15
2.085659e+02	6.926884e-15
2.094002e+02	7.785744e-15
2.102378e+02	5.696511e-15
2.110787e+02	3.403342e-15
2.119230e+02	7.040816e-15
2.127707e+02	9.721672e-15
2.136218e+02	1.346063e-14
2.144763e+02	2.697317e-15
2.153342e+02	1.229358e-14
2.161955e+02	2.280961e-14
2.170603e+02	3.418374e-14
2.179286e+02	1.041399e-14
2.188003e+02	1.053444e-14
2.196755e+02	4.954399e-14
2.205542e+02	2.359456e-14
2.214364e+02	3.152624e-13
2.223221e+02	2.150023e-14
2.232114e+02	9.346508e-13
2.241043e+02	1.710523e-13
2.250007e+02	2.749451e-12
2.259007e+02	4.938694e-13
2.268043e+02	1.041902e-12
2.277115e+02	1.434572e-12
2.286223e+02	1.138755e-12
2.295368e+02	5.151358e-12
2.304550e+02	1.551023e-13
2.313768e+02	5.653414e-12
2.323023e+02	3.065301e-12
2.332315e+02	1.246827e-11
2.341644e+02	2.479947e-11
2.351011e+02	8.747580e-13
2.360415e+02	4.238323e-11
2.369857e+02	5.127146e-13
2.379336e+02	4.966886e-11
2.388854e+02	2.390246e-11
2.398409e+02	2.818321e-10
2.408003e+02	3.580791e-10
2.417635e+02	1.651279e-11
2.427305e+02	6.101215e-10
2.437014e+02	2.333781e-10
2.446762e+02	1.588485e-09
2.456549e+02	2.975848e-10
2.466376e+02	2.102525e-10
2.476241e+02	5.211577e-11
2.486146e+02	1.505289e-12
2.496091e+02	1.247730e-10
2.506075e+02	1.879703e-10
2.516099e+02	9.870417e-11
2.526164e+02	4.338707e-11
2.536268e+02	1.515568e-09
2.546414e+02	1.518434e-09
2.556599e+02	8.644952e-09
2.566826e+02	1.058375e-08
2.577093e+02	1.226157e-08
2.587401e+02	6.348587e-09
2.597751e+02	1.707335e-08
2.608142e+02	1.046463e-08
2.618574e+02	7.295270e-08
2.629049e+02	1.945630e-07
2.639565e+02	2.102011e-07
2.650123e+02	2.063740e-07
2.660724e+02	1.258982e-07
2.671367e+02	1.483524e-07
2.682052e+02	1.469035e-07
2.692780e+02	7.301703e-08
2.703551e+02	1.295915e-07
2.714366e+02	1.586542e-08
2.725223e+02	9.962551e-09
2.736124e+02	1.675396e-08
2.747068e+02	1.587528e-08
2.758057e+02	4.565775e-08
2.769089e+02	1.248616e-07
2.780165e+02	9.137920e-08
2.791286e+02	7.565885e-08
2.802451e+02	4.179178e-08
2.813661e+02	2.227625e-08
2.824916e+02	8.866703e-09
2.836215e+02	2.492606e-09
2.847560e+02	3.281009e-10
2.858950e+02	5.766401e-10
2.870386e+02	4.326274e-09
2.881868e+02	2.041834e-08
2.893395e+02	6.509623e-08
2.904969e+02	1.523940e-07
2.916589e+02	2.547522e-07
2.928255e+02	3.702943e-07
2.939968e+02	2.673084e-07
2.951728e+02	2.033108e-07
2.963535e+02	3.495069e-07
2.975389e+02	3.080543e-07
2.987290e+02	5.481059e-07
2.999240e+02	3.714849e-07
3.011237e+02	9.499631e-07
3.023281e+02	2.402994e-07
3.035375e+02	1.879483e-06
3.047516e+02	2.138013e-06
3.059706e+02	3.911304e-06
3.071945e+02	1.906209e-05
3.084233e+02	4.141948e-05
3.096570e+02	3.620842e-05
3.108956e+02	7.906018e-05
3.121392e+02	9.079910e-05
3.133877e+02	1.192706e-04
3.146413e+02	1.474974e-04
3.158999e+02	1.724116e-04
3.171635e+02	2.353132e-04
3.184321e+02	1.278821e-04
3.197058e+02	8.535145e-05
3.209847e+02	2.310339e-04
3.222686e+02	2.710689e-04
3.235577e+02	2.359353e-04
3.248519e+02	4.194326e-04
3.261513e+02	4.876266e-04
3.274559e+02	6.671589e-04
3.287657e+02	6.724530e-04
3.300808e+02	2.561124e-04
3.314011e+02	7.445881e-04
3.327267e+02	1.055369e-03
3.340576e+02	9.598558e-04
3.353939e+02	8.600662e-04
3.367354e+02	8.872973e-04
3.380824e+02	9.809801e-04
3.394347e+02	1.346085e-03
3.407924e+02	1.151761e-03
3.421556e+02	8.094381e-04
3.435242e+02	1.266961e-04
3.448983e+02	1.720600e-04
3.462779e+02	2.447026e-04
3.476630e+02	1.111658e-04
3.490537e+02	1.117595e-04
3.504499e+02	1.094165e-03
3.518517e+02	8.858807e-04
3.532591e+02	1.812722e-03
3.546722e+02	2.755325e-03
3.560908e+02	7.749740e-04
3.575152e+02	3.187187e-04
3.589453e+02	1.207896e-03
3.603810e+02	1.898956e-03
3.618226e+02	1.220432e-03
3.632699e+02	1.286796e-03
3.647229e+02	1.008014e-03
3.661818e+02	2.747662e-03
3.676466e+02	1.015290e-03
3.691171e+02	9.867061e-04
3.705936e+02	2.061092e-04
3.720760e+02	2.239111e-05
3.735643e+02	2.530721e-05
3.750586e+02	9.646917e-05
3.765588e+02	7.829179e-04
3.780650e+02	2.765697e-03
3.795773e+02	1.515012e-03
3.810956e+02	1.901871e-03
3.826200e+02	2.695964e-04
3.841505e+02	8.655605e-04
3.856871e+02	7.767802e-05
3.872298e+02	3.372041e-04
3.887787e+02	1.958067e-04
3.903338e+02	6.520452e-04
3.918952e+02	1.021603e-03
3.934628e+02	2.012660e-03
3.950366e+02	5.644293e-03
3.966167e+02	6.029378e-03
3.982032e+02	8.837438e-03
3.997960e+02	8.968608e-03
4.013952e+02	1.182646e-02
4.030008e+02	1.365304e-02
4.046128e+02	5.995606e-03
4.062312e+02	9.016881e-03
4.078562e+02	8.995932e-03
4.094876e+02	1.021055e-02
4.111255e+02	1.035819e-02
4.127701e+02	7.914385e-03
4.144211e+02	5.918446e-03
4.160788e+02	4.953310e-03
4.177431e+02	2.541601e-03
4.194141e+02	1.126936e-03
4.210918e+02	2.494402e-04
4.227761e+02	5.802301e-05
4.244672e+02	3.298267e-04
4.261651e+02	1.077661e-03
4.278698e+02	2.382786e-03
4.295812e+02	3.594081e-03
4.312996e+02	5.585028e-03
4.330248e+02	8.351097e-03
4.347569e+02	1.144463e-02
4.364959e+02	8.938335e-03
4.382419e+02	6.840044e-03
4.399948e+02	1.219482e-02
4.417548e+02	1.477047e-02
4.435218e+02	1.050633e-02
4.452959e+02	1.282654e-02
4.470771e+02	1.446647e-02
4.488654e+02	1.654393e-02
4.506609e+02	2.038192e-02
4.524635e+02	1.984404e-02
4.542734e+02	2.115770e-02
4.560905e+02	2.239476e-02
4.579148e+02	2.589884e-02
4.597465e+02	1.521493e-02
4.615855e+02	2.734441e-02
4.634318e+02	1.606245e-02
4.652855e+02	2.303173e-02
4.671467e+02	2.211583e-02
4.690153e+02	2.553031e-02
4.708913e+02	3.293970e-02
4.727749e+02	2.852095e-02
4.746660e+02	3.341160e-02
4.765647e+02	1.680930e-02
4.784709e+02	1.085290e-02
4.803848e+02	1.467984e-02
4.823063e+02	1.681747e-02
4.842356e+02	2.423267e-02
4.861725e+02	2.636806e-02
4.881172e+02	3.793120e-02
4.900697e+02	2.458429e-02
4.920300e+02	3.615310e-02
4.939981e+02	4.989355e-02
4.959741e+02	2.561468e-02
4.979580e+02	2.979888e-02
4.999498e+02	2.597561e-02
5.019496e+02	2.176634e-02
5.039574e+02	3.152747e-02
5.059732e+02	2.187120e-02
5.079971e+02	2.384095e-02
5.100291e+02	1.828303e-02
5.120692e+02	1.684364e-02
5.141175e+02	1.511827e-02
5.161740e+02	1.156771e-02
5.182387e+02	6.903138e-03
5.203116e+02	1.301616e-02
5.223929e+02	3.464197e-02
5.244824e+02	2.991263e-02
5.265804e+02	2.384191e-02
5.286867e+02	3.067011e-02
5.308014e+02	3.224158e-02
5.329246e+02	2.438809e-02
5.350563e+02	2.860495e-02
5.371966e+02	2.116088e-02
5.393453e+02	2.367549e-02
5.415027e+02	2.324774e-02
5.436687e+02	1.969700e-02
5.458434e+02	1.299293e-02
5.480268e+02	1.745382e-02
5.502189e+02	1.678892e-02
5.524198e+02	1.883295e-02
5.546295e+02	2.135883e-02
5.568480e+02	1.902449e-02
5.590754e+02	1.540344e-02
5.613117e+02	1.112468e-02
5.635569e+02	8.550727e-03
5.658111e+02	1.130037e-02
5.680744e+02	9.512331e-03
5.703467e+02	1.172460e-02
5.726281e+02	1.192447e-02
5.749186e+02	1.285156e-02
5.772183e+02	1.118499e-02
5.795271e+02	1.301821e-02
5.818452e+02	1.164893e-02
5.841726e+02	8.726840e-03
5.865093e+02	4.071678e-03
5.888553e+02	4.985758e-04
5.912108e+02	2.008146e-03
5.935756e+02	5.264162e-03
5.959499e+02	6.387946e-03
5.983337e+02	8.535387e-03
6.007270e+02	1.049550e-02
6.031300e+02	1.377698e-02
6.055425e+02	1.839506e-02
6.079646e+02	2.391925e-02
6.103965e+02	2.899996e-02
6.128381e+02	3.534297e-02
6.152894e+02	2.909214e-02
6.177506e+02	1.472717e-02
6.202216e+02	1.195588e-02
6.227025e+02	8.696275e-03
6.251933e+02	1.168647e-02
6.276941e+02	1.400063e-02
6.302048e+02	1.888168e-02
6.327257e+02	2.622513e-02
6.352566e+02	2.819717e-02
6.377976e+02	2.233155e-02
6.403488e+02	4.006864e-02
6.429102e+02	5.446340e-02
6.454818e+02	7.068857e-02
6.480637e+02	7.704304e-02
6.506560e+02	8.581867e-02
6.532586e+02	1.045204e-01
6.558717e+02	6.523171e-02
6.584951e+02	5.662061e-02
6.611291e+02	4.552834e-02
6.637736e+02	3.466802e-02
6.664287e+02	2.993662e-02
6.690945e+02	2.771462e-02
6.717708e+02	2.780944e-02
6.744579e+02	3.102815e-02
6.771557e+02	4.284984e-02
6.798644e+02	3.737538e-02
6.825838e+02	3.981436e-02
6.853142e+02	3.389364e-02
6.880554e+02	2.932889e-02
6.908076e+02	2.966851e-02
6.935709e+02	4.171273e-02
6.963452e+02	5.868764e-02
6.991305e+02	7.103979e-02
7.019271e+02	9.086477e-02
7.047348e+02	1.589918e-01
7.075537e+02	1.009807e-01
7.103839e+02	7.233442e-02
7.132255e+02	6.289090e-02
7.160784e+02	7.086636e-02
7.189427e+02	9.070625e-02
7.218184e+02	8.688804e-02
7.247057e+02	1.216772e-01
7.276045e+02	1.438155e-01
7.305150e+02	1.879734e-01
7.334370e+02	2.282265e-01
7.363708e+02	2.521786e-01
7.393162e+02	2.595768e-01
7.422735e+02	2.575179e-01
7.452426e+02	2.472137e-01
7.482236e+02	2.578513e-01
7.512165e+02	2.532600e-01
7.542213e+02	2.667570e-01
7.572382e+02	2.618810e-01
7.602672e+02	2.021069e-01
7.633082e+02	1.422398e-01
7.663615e+02	2.143337e-02
7.694269e+02	2.517024e-02
7.725046e+02	9.533427e-02
7.755946e+02	1.391483e-01
7.786970e+02	1.658648e-01
7.818118e+02	2.030641e-01
7.849391e+02	1.565613e-01
7.880788e+02	1.939267e-01
7.912311e+02	1.786155e-01
7.943961e+02	2.140421e-01
7.975736e+02	2.257656e-01
8.007639e+02	2.622135e-01
8.039670e+02	2.967012e-01
8.071829e+02	3.402248e-01
8.104116e+02	3.745676e-01
8.136532e+02	4.226572e-01
8.169078e+02	3.891963e-01
8.201755e+02	2.648682e-01
8.234562e+02	3.925613e-01
8.267500e+02	3.936522e-01
8.300570e+02	3.441542e-01
8.333772e+02	3.847491e-01
8.367107e+02	3.647037e-01
8.400576e+02	3.786860e-01
8.434178e+02	2.934104e-01
8.467915e+02	1.825634e-01
8.501787e+02	2.203373e-01
8.535794e+02	2.325286e-01
8.569937e+02	2.783887e-01
8.604217e+02	3.237197e-01
8.638633e+02	3.292706e-01
8.673188e+02	3.885746e-01
8.707881e+02	3.373021e-01
8.742712e+02	3.674275e-01
8.777683e+02	4.225765e-01
8.812794e+02	4.513746e-01
8.848045e+02	4.867310e-01
8.883437e+02	3.272290e-01
8.918971e+02	4.411991e-01
8.954647e+02	3.767099e-01
8.990465e+02	4.470563e-01
9.026427e+02	3.923652e-01
9.062533e+02	3.961769e-01
9.098783e+02	4.555824e-01
9.135178e+02	4.881848e-01
9.171719e+02	5.350359e-01
9.208406e+02	5.601914e-01
9.245240e+02	5.428197e-01
9.282220e+02	5.396243e-01
9.319349e+02	5.136740e-01
9.356627e+02	5.246697e-01
9.394053e+02	4.963376e-01
9.431629e+02	5.441589e-01
9.469356e+02	5.807499e-01
9.507233e+02	5.955245e-01
9.545262e+02	6.106482e-01
9.583443e+02	5.928394e-01
9.621777e+02	6.071238e-01
9.660264e+02	6.049333e-01
9.698905e+02	6.288354e-01
9.737701e+02	5.452828e-01
9.776652e+02	5.346685e-01
9.815758e+02	5.414810e-01
9.855021e+02	5.247910e-01
9.894441e+02	4.728522e-01
9.934019e+02	3.274835e-01
9.973755e+02	4.009516e-01
1.001365e+03	4.043894e-01
1.005370e+03	3.937369e-01
1.009392e+03	4.372643e-01
1.013430e+03	4.648147e-01
1.017483e+03	4.760760e-01
1.021553e+03	4.956525e-01
1.025639e+03	4.723454e-01
1.029742e+03	4.591361e-01
1.033861e+03	4.653124e-01
1.037996e+03	5.241068e-01
1.042148e+03	5.225412e-01
1.046317e+03	5.659691e-01
1.050502e+03	5.599907e-01
1.054704e+03	5.943144e-01
1.058923e+03	5.872831e-01
1.063159e+03	5.854514e-01
1.067411e+03	5.605310e-01
1.071681e+03	5.684864e-01
1.075968e+03	6.065768e-01
1.080272e+03	6.062312e-01
1.084593e+03	6.306000e-01
1.088931e+03	6.217860e-01
1.093287e+03	6.304745e-01
1.097660e+03	6.064794e-01
1.102051e+03	6.083636e-01
1.106459e+03	5.879473e-01
1.110885e+03	5.811240e-01
1.115328e+03	6.145705e-01
1.119789e+03	6.113067e-01
1.124269e+03	6.339603e-01
1.128766e+03	6.346013e-01
1.133281e+03	6.254178e-01
1.137814e+03	5.081078e-01
1.142365e+03	5.293208e-01
1.146935e+03	6.438381e-01
1.151522e+03	6.678050e-01
1.156128e+03	6.592136e-01
1.160753e+03	6.534215e-01
1.165396e+03	6.652649e-01
1.170058e+03	5.561203e-01
1.174738e+03	5.910739e-01
1.179437e+03	5.075198e-01
1.184154e+03	6.266228e-01
1.188891e+03	6.494660e-01
1.193647e+03	6.517722e-01
1.198421e+03	5.845670e-01
1.203215e+03	6.005251e-01
1.208028e+03	6.417427e-01
1.212860e+03	6.175955e-01
1.217711e+03	6.484939e-01
1.222582e+03	6.295817e-01
1.227473e+03	6.645699e-01
1.232382e+03	6.544396e-01
1.237312e+03	6.462445e-01
1.242261e+03	5.019977e-01
1.247230e+03	6.193829e-01
1.252219e+03	4.966197e-01
1.257228e+03	6.168264e-01
1.262257e+03	6.168262e-01
1.267306e+03	6.414440e-01
1.272375e+03	6.379282e-01
1.277465e+03	6.423154e-01
1.282575e+03	6.477981e-01
1.287705e+03	5.985423e-01
1.292856e+03	5.988388e-01
1.298027e+03	6.152048e-01
1.303219e+03	6.244771e-01
1.308432e+03	6.134683e-01
1.313666e+03	6.306752e-01
1.318920e+03	6.290264e-01
1.324196e+03	5.984798e-01
1.329493e+03	5.652603e-01
1.334811e+03	4.534907e-01
1.340150e+03	4.328926e-01
1.345511e+03	4.228581e-01
1.350893e+03	4.219735e-01
1.356296e+03	4.042297e-01
1.361722e+03	4.166960e-01
1.367168e+03	4.311145e-01
1.372637e+03	4.315497e-01
1.378128e+03	4.459626e-01
1.383640e+03	4.385968e-01
1.389175e+03	4.235422e-01
1.394731e+03	4.081244e-01
1.400310e+03	3.958116e-01
1.405912e+03	4.015261e-01
1.411535e+03	3.728160e-01
1.417181e+03	3.630159e-01
1.422850e+03	3.654053e-01
1.428542e+03	3.596683e-01
1.434256e+03	3.598789e-01
1.439993e+03	3.661360e-01
1.445753e+03	3.738580e-01
1.451536e+03	3.746693e-01
1.457342e+03	3.886777e-01
1.463171e+03	3.752469e-01
1.469024e+03	3.675857e-01
1.474900e+03	3.762835e-01
1.480800e+03	3.799296e-01
1.486723e+03	3.797094e-01
1.492670e+03	3.843363e-01
1.498640e+03	3.876725e-01
1.504635e+03	3.942843e-01
1.510653e+03	3.962969e-01
1.516696e+03	3.947438e-01
1.522763e+03	4.112727e-01
1.528854e+03	4.152182e-01
1.534969e+03	4.141905e-01
1.541109e+03	4.151597e-01
1.547274e+03	4.257490e-01
1.553463e+03	4.297441e-01
1.559677e+03	4.298272e-01
1.565915e+03	4.387930e-01
1.572179e+03	4.407796e-01
1.578468e+03	4.516929e-01
1.584782e+03	4.549855e-01
1.591121e+03	4.554177e-01
1.597485e+03	4.615780e-01
1.603875e+03	4.629384e-01
1.610291e+03	4.639284e-01
1.616732e+03	4.652770e-01
1.623199e+03	4.692621e-01
1.629691e+03	4.738877e-01
1.636210e+03	4.796885e-01
1.642755e+03	4.803209e-01
1.649326e+03	4.819741e-01
1.655923e+03	4.835242e-01
1.662547e+03	4.824033e-01
1.669197e+03	4.839212e-01
1.675874e+03	4.842379e-01
1.682578e+03	4.809033e-01
1.689308e+03	4.722829e-01
1.696065e+03	4.624508e-01
1.702849e+03	4.523252e-01
1.709661e+03	4.337629e-01
1.716499e+03	4.058108e-01
1.723365e+03	4.009108e-01
1.730259e+03	3.860952e-01
1.737180e+03	3.653951e-01
1.744129e+03	3.514685e-01
1.751105e+03	3.405784e-01
1.758110e+03	3.174257e-01
1.765142e+03	3.065735e-01
1.772203e+03	2.942123e-01
1.779291e+03	2.730730e-01
1.786409e+03	2.665574e-01
1.793554e+03	2.540735e-01
1.800728e+03	2.509291e-01
1.807931e+03	2.358278e-01
1.815163e+03	2.436330e-01
1.822424e+03	2.394939e-01
1.829713e+03	2.311699e-01
1.837032e+03	2.326515e-01
1.844380e+03	2.137335e-01
1.851758e+03	2.084629e-01
1.859165e+03	1.833934e-01
1.866602e+03	2.034876e-01
1.874068e+03	2.005407e-01
1.881564e+03	2.080224e-01
1.889090e+03	2.134029e-01
1.896647e+03	2.184801e-01
1.904233e+03	2.188295e-01
1.911850e+03	2.246298e-01
1.919498e+03	2.168723e-01
1.927176e+03	2.139540e-01
1.934884e+03	2.136058e-01
1.942624e+03	1.938238e-01
1.950394e+03	2.044874e-01
1.958196e+03	2.014998e-01
1.966029e+03	2.029101e-01
1.973893e+03	1.913673e-01
1.981789e+03	1.863083e-01
1.989716e+03	1.869625e-01
1.997675e+03	1.879732e-01
2.005665e+03	1.878618e-01
2.013688e+03	1.850219e-01
2.021743e+03	1.914553e-01
2.029830e+03	1.877313e-01
2.037949e+03	1.902903e-01
2.046101e+03	1.908469e-01
2.054285e+03	1.973599e-01
2.062502e+03	1.952975e-01
2.070752e+03	2.000663e-01
2.079035e+03	2.018981e-01
2.087351e+03	2.017375e-01
2.095701e+03	2.054021e-01
2.104084e+03	2.101003e-01
2.112500e+03	2.122012e-01
2.120950e+03	2.137693e-01
2.129434e+03	2.127510e-01
2.137952e+03	2.157385e-01
2.146503e+03	2.207996e-01
2.155089e+03	2.206238e-01
2.163710e+03	2.226772e-01
2.172365e+03	2.232751e-01
2.181054e+03	2.225076e-01
2.189778e+03	2.227393e-01
2.198537e+03	2.239029e-01
2.207331e+03	2.136223e-01
2.216161e+03	2.228024e-01
2.225025e+03	2.225414e-01
2.233926e+03	2.216165e-01
2.242861e+03	2.214288e-01
2.251833e+03	2.191432e-01
2.260840e+03	2.164998e-01
2.269883e+03	2.163178e-01
2.278963e+03	2.140270e-01
2.288079e+03	2.138292e-01
2.297231e+03	1.784641e-01
2.306420e+03	1.899135e-01
2.315646e+03	1.870934e-01
2.324908e+03	1.662927e-01
2.334208e+03	1.710390e-01
2.343545e+03	1.709673e-01
2.352919e+03	1.570158e-01
2.362331e+03	1.567923e-01
2.371780e+03	1.604196e-01
2.381267e+03	1.489449e-01
2.390792e+03	1.442429e-01
2.400355e+03	1.445522e-01
2.409957e+03	1.335578e-01
2.419597e+03	1.300415e-01
2.429275e+03	1.224182e-01
2.438992e+03	1.163031e-01
2.448748e+03	1.090853e-01
2.458543e+03	1.062726e-01
2.468377e+03	1.026350e-01
2.478251e+03	9.115974e-02
2.488164e+03	9.177855e-02
2.498116e+03	9.042920e-02
2.508109e+03	8.048817e-02
2.518141e+03	8.057066e-02
2.528214e+03	7.533893e-02
2.538327e+03	7.410673e-02
2.548480e+03	7.364644e-02
2.558674e+03	7.263252e-02
2.568909e+03	7.449295e-02
2.579184e+03	6.963247e-02
2.589501e+03	7.351018e-02
2.599859e+03	7.471363e-02
2.610258e+03	7.743256e-02
2.620699e+03	7.518660e-02
2.631182e+03	7.543253e-02
2.641707e+03	7.705525e-02
2.652274e+03	8.041530e-02
2.662883e+03	8.053845e-02
2.673534e+03	7.102574e-02
2.684229e+03	6.948327e-02
2.694965e+03	6.512288e-02
2.705745e+03	6.435928e-02
2.716568e+03	6.216749e-02
2.727435e+03	6.047200e-02
2.738344e+03	5.913847e-02
2.749298e+03	6.087622e-02
2.760295e+03	6.073395e-02
2.771336e+03	5.793631e-02
2.782421e+03	5.556949e-02
2.793551e+03	5.885373e-02
2.804725e+03	5.362836e-02
2.815944e+03	5.312446e-02
2.827208e+03	5.802132e-02
2.838517e+03	5.210155e-02
2.849871e+03	5.213517e-02
2.861270e+03	5.486986e-02
2.872715e+03	5.237567e-02
2.884206e+03	5.240632e-02
2.895743e+03	5.354902e-02
2.907326e+03	4.957992e-02
2.918955e+03	5.060787e-02
2.930631e+03	5.115872e-02
2.942354e+03	4.906973e-02
2.954123e+03	5.016602e-02
2.965940e+03	4.876162e-02
2.977803e+03	5.055021e-02
2.989715e+03	4.894593e-02
3.001673e+03	4.942023e-02
3.013680e+03	5.034368e-02
3.025735e+03	4.690593e-02
3.037838e+03	5.137359e-02
3.049989e+03	4.753547e-02
3.062189e+03	5.073500e-02
3.074438e+03	4.906137e-02
3.086736e+03	4.892556e-02
3.099083e+03	5.059668e-02
3.111479e+03	4.839354e-02
3.123925e+03	5.031644e-02
3.136421e+03	4.966149e-02
3.148966e+03	4.984921e-02
3.161562e+03	5.029247e-02
3.174208e+03	4.872585e-02
3.186905e+03	5.220087e-02
3.199653e+03	4.762139e-02
3.212451e+03	5.202029e-02
3.225301e+03	5.086718e-02
3.238202e+03	5.038415e-02
3.251155e+03	5.191175e-02
3.264160e+03	5.164158e-02
3.277216e+03	5.107126e-02
3.290325e+03	5.160240e-02
3.303487e+03	5.176694e-02
3.316701e+03	5.109301e-02
3.329967e+03	5.345378e-02
3.343287e+03	5.024499e-02
3.356660e+03	5.156550e-02
3.370087e+03	5.211387e-02
3.383567e+03	5.090037e-02
3.397102e+03	5.163076e-02
3.410690e+03	5.078675e-02
3.424333e+03	5.112749e-02
3.438030e+03	5.112533e-02
3.451782e+03	5.087223e-02
3.465589e+03	5.131207e-02
3.479452e+03	5.085103e-02
3.493370e+03	4.915281e-02
3.507343e+03	5.182800e-02
3.521372e+03	4.949385e-02
3.535458e+03	5.017302e-02
3.549600e+03	5.002196e-02
3.563798e+03	4.963033e-02
3.578053e+03	4.961618e-02
3.592366e+03	4.993415e-02
3.606735e+03	4.951223e-02
3.621162e+03	4.896271e-02
3.635647e+03	4.896183e-02
3.650189e+03	4.890030e-02
3.664790e+03	4.871547e-02
3.679449e+03	4.796757e-02
3.694167e+03	4.799191e-02
3.708944e+03	4.862818e-02
3.723779e+03	4.846523e-02
3.738674e+03	4.686462e-02
3.753629e+03	4.812393e-02
3.768644e+03	4.705071e-02
3.783718e+03	4.780173e-02
3.798853e+03	4.709685e-02
3.814049e+03	4.672829e-02
3.829305e+03	4.531856e-02
3.844622e+03	4.587613e-02
3.860000e+03	4.600992e-02
3.875440e+03	4.511644e-02
3.890942e+03	4.447662e-02
3.906506e+03	4.418805e-02
3.922132e+03	4.385494e-02
3.937821e+03	4.304069e-02
3.953572e+03	4.210638e-02
3.969386e+03	4.130976e-02
3.985264e+03	3.990941e-02
4.001205e+03	3.923252e-02
4.017209e+03	3.866545e-02
4.033278e+03	3.755027e-02
4.049411e+03	3.580074e-02
4.065609e+03	3.574852e-02
4.081872e+03	3.319056e-02
4.098199e+03	3.374806e-02
4.114592e+03	3.275028e-02
4.131050e+03	3.181117e-02
4.147574e+03	3.222345e-02
4.164165e+03	2.994891e-02
4.180821e+03	3.027591e-02
4.197545e+03	3.010700e-02
4.214335e+03	2.856286e-02
4.231192e+03	2.959049e-02
4.248117e+03	2.687401e-02
4.265109e+03	2.705804e-02
4.282170e+03	2.712126e-02
4.299298e+03	2.507829e-02
4.316496e+03	2.437114e-02
4.333762e+03	2.331848e-02
4.351097e+03	2.224236e-02
4.368501e+03	2.109371e-02
4.385975e+03	2.024351e-02
4.403519e+03	1.939106e-02
4.421133e+03	1.896247e-02
4.438818e+03	1.797235e-02
4.456573e+03	1.773525e-02
4.474399e+03	1.684193e-02
4.492297e+03	1.670207e-02
4.510266e+03	1.655799e-02
4.528307e+03	1.588926e-02
4.546420e+03	1.596617e-02
4.564606e+03	1.514236e-02
4.582864e+03	1.566852e-02
4.601196e+03	1.551098e-02
4.619601e+03	1.529929e-02
4.638079e+03	1.513361e-02
4.656631e+03	1.563266e-02
4.675258e+03	1.500050e-02
4.693959e+03	1.547147e-02
4.712735e+03	1.478576e-02
4.731586e+03	1.489412e-02
4.750512e+03	1.451150e-02
4.769514e+03	1.388699e-02
4.788592e+03	1.371091e-02
4.807746e+03	1.385775e-02
4.826977e+03	1.371836e-02
4.846285e+03	1.341474e-02
4.865670e+03	1.328457e-02
4.885133e+03	1.291657e-02
4.904674e+03	1.266414e-02
4.924292e+03	1.237952e-02
4.943990e+03	1.223337e-02
4.963766e+03	1.155206e-02
4.983621e+03	1.262389e-02
5.003555e+03	1.154061e-02
5.023569e+03	1.101076e-02
5.043664e+03	1.162812e-02
5.063838e+03	1.138533e-02
5.084094e+03	1.091727e-02
5.104430e+03	1.119852e-02
5.124848e+03	1.081738e-02
5.145347e+03	1.103520e-02
5.165928e+03	1.040228e-02
5.186592e+03	1.108584e-02
5.207339e+03	1.028389e-02
5.228168e+03	1.071014e-02
5.249081e+03	1.019583e-02
5.270077e+03	1.026054e-02
5.291157e+03	1.006732e-02
5.312322e+03	1.020283e-02
5.333571e+03	1.016871e-02
5.354905e+03	9.698869e-03
5.376325e+03	9.760891e-03
5.397830e+03	9.641402e-03
5.419422e+03	8.761950e-03
5.441099e+03	9.487534e-03
5.462864e+03	9.099377e-03
5.484715e+03	9.071033e-03
5.506654e+03	9.065545e-03
5.528681e+03	8.466775e-03
5.550795e+03	8.451981e-03
5.572999e+03	8.280335e-03
5.595291e+03	8.715980e-03
5.617672e+03	8.271612e-03
5.640142e+03	8.430033e-03
5.662703e+03	8.181012e-03
5.685354e+03	7.725385e-03
5.708095e+03	7.842059e-03
5.730928e+03	7.473416e-03
5.753851e+03	8.033601e-03
5.776867e+03	7.410516e-03
5.799974e+03	7.739620e-03
5.823174e+03	7.115701e-03
5.846467e+03	7.225385e-03
5.869853e+03	7.218924e-03
5.893332e+03	7.070817e-03
5.916905e+03	7.417912e-03
5.940573e+03	6.804610e-03
5.964335e+03	7.105795e-03
5.988193e+03	7.047263e-03
6.012145e+03	7.198249e-03
6.036194e+03	6.641416e-03
6.060339e+03	6.769125e-03
6.084580e+03	7.115189e-03
6.108918e+03	6.600895e-03
6.133354e+03	7.289606e-03
6.157888e+03	6.784367e-03
6.182519e+03	6.637847e-03
6.207249e+03	6.749007e-03
6.232078e+03	6.709522e-03
6.257006e+03	6.515020e-03
6.282034e+03	6.561419e-03
6.307163e+03	6.432673e-03
6.332391e+03	6.423467e-03
6.357721e+03	6.270839e-03
6.383152e+03	5.940050e-03
6.408684e+03	5.548016e-03
6.434319e+03	5.695664e-03
6.460056e+03	5.095753e-03
6.485897e+03	4.548420e-03
6.511840e+03	4.629102e-03
6.537887e+03	4.522258e-03
6.564039e+03	4.237368e-03
6.590295e+03	4.030619e-03
6.616656e+03	4.027876e-03
6.643123e+03	3.938290e-03
6.669695e+03	3.956923e-03
6.696374e+03	3.920353e-03
6.723160e+03	3.879287e-03
6.750052e+03	4.007239e-03
6.777053e+03	3.704636e-03
6.804161e+03	3.699491e-03
6.831377e+03	3.540991e-03
6.858703e+03	3.674134e-03
6.886138e+03	3.681885e-03
6.913682e+03	3.622897e-03
6.941337e+03	3.611519e-03
6.969102e+03	3.577727e-03
6.996979e+03	3.621498e-03
7.024967e+03	3.468933e-03
7.053067e+03	3.408246e-03
7.081279e+03	3.379786e-03
7.109604e+03	3.250281e-03
7.138042e+03	3.402667e-03
7.166595e+03	3.360347e-03
7.195261e+03	3.298028e-03
7.224042e+03	3.203699e-03
7.252938e+03	3.170232e-03
7.281950e+03	3.180027e-03
7.311078e+03	3.226722e-03
7.340322e+03	3.008126e-03
7.369683e+03	2.992009e-03
7.399162e+03	3.126511e-03
7.428759e+03	2.889399e-03
7.458474e+03	2.926047e-03
7.488308e+03	2.927096e-03
7.518261e+03	2.889935e-03
7.548334e+03	2.900246e-03
7.578527e+03	2.711563e-03
7.608841e+03	2.579801e-03
7.639277e+03	2.745623e-03
7.669834e+03	2.626438e-03
7.700513e+03	2.645467e-03
7.731315e+03	2.571503e-03
7.762240e+03	2.497636e-03
7.793289e+03	2.515071e-03
7.824463e+03	2.557609e-03
7.855760e+03	2.462371e-03
7.887183e+03	2.243241e-03
7.918732e+03	2.358859e-03
7.950407e+03	2.317899e-03
7.982209e+03	2.246059e-03
8.014138e+03	2.314708e-03
8.046194e+03	2.162265e-03
8.078379e+03	2.216679e-03
8.110692e+03	2.108511e-03
8.143135e+03	2.140569e-03
8.175708e+03	2.113398e-03
8.208411e+03	2.020848e-03
8.241244e+03	2.081346e-03
8.274209e+03	1.972353e-03
8.307306e+03	2.033011e-03
8.340535e+03	1.920627e-03
8.373897e+03	1.877698e-03
8.407393e+03	2.008826e-03
8.441023e+03	1.863579e-03
8.474787e+03	1.953114e-03
8.508686e+03	1.846003e-03
8.542721e+03	1.875576e-03
8.576891e+03	1.828121e-03
8.611199e+03	1.864711e-03
8.645644e+03	1.853675e-03
8.680226e+03	1.797216e-03
8.714947e+03	1.801589e-03
8.749807e+03	1.699518e-03
8.784806e+03	1.758003e-03
8.819946e+03	1.709822e-03
8.855225e+03	1.690846e-03
8.890646e+03	1.744019e-03
8.926209e+03	1.725630e-03
8.961914e+03	1.626230e-03
8.997761e+03	1.668441e-03
9.033752e+03	1.638910e-03
9.069887e+03	1.641461e-03
9.106167e+03	1.595910e-03
9.142592e+03	1.611105e-03
9.179162e+03	1.588772e-03
9.215879e+03	1.572184e-03
9.252742e+03	1.508367e-03
9.289753e+03	1.516978e-03
9.326912e+03	1.506061e-03
9.364220e+03	1.552440e-03
9.401677e+03	1.443906e-03
9.439283e+03	1.422318e-03
9.477040e+03	1.443091e-03
9.514949e+03	1.422726e-03
9.553008e+03	1.468244e-03
9.591220e+03	1.372794e-03
9.629585e+03	1.360053e-03
9.668104e+03	1.354815e-03
9.706776e+03	1.336573e-03
9.745603e+03	1.355633e-03
9.784586e+03	1.363297e-03
9.823724e+03	1.292332e-03
9.863019e+03	1.298095e-03
9.902471e+03	1.150223e-03
9.942081e+03	1.258438e-03
9.981849e+03	1.223170e-03
1.002178e+04	1.219992e-03
1.006186e+04	1.176302e-03
1.010211e+04	1.131194e-03
1.014252e+04	1.176973e-03
1.018309e+04	1.159593e-03
1.022382e+04	1.113368e-03
1.026472e+04	1.089929e-03
1.030578e+04	1.079910e-03
1.034700e+04	1.053966e-03
1.038839e+04	1.027981e-03
1.042994e+04	1.006480e-03
1.047166e+04	9.817136e-04
1.051355e+04	1.009840e-03
1.055560e+04	9.707750e-04
1.059782e+04	9.384085e-04
1.064022e+04	9.593652e-04
1.068278e+04	9.608279e-04
1.072551e+04	9.054032e-04
1.076841e+04	8.890135e-04
1.081148e+04	9.045109e-04
1.085473e+04	9.185304e-04
1.089815e+04	8.222608e-04
1.094174e+04	8.533342e-04
1.098551e+04	7.763204e-04
1.102945e+04	7.863672e-04
1.107357e+04	7.907845e-04
1.111786e+04	7.829277e-04
1.116233e+04	7.646222e-04
1.120698e+04	7.459334e-04
1.125181e+04	7.442468e-04
1.129682e+04	7.272199e-04
1.134200e+04	7.171968e-04
1.138737e+04	7.192246e-04
1.143292e+04	7.004702e-04
1.147865e+04	6.905692e-04
1.152457e+04	6.713675e-04
1.157067e+04	6.459790e-04
1.161695e+04	6.363483e-04
1.166342e+04	6.489553e-04
1.171007e+04	6.136145e-04
1.175691e+04	5.759208e-04
1.180394e+04	5.959696e-04
1.185115e+04	5.829744e-04
1.189856e+04	5.800487e-04
1.194615e+04	5.768963e-04
1.199394e+04	5.699202e-04
1.204191e+04	5.643034e-04
1.209008e+04	5.330545e-04
1.213844e+04	5.257911e-04
1.218700e+04	5.457617e-04
1.223574e+04	5.140317e-04
1.228469e+04	5.262054e-04
1.233382e+04	4.961844e-04
1.238316e+04	4.940422e-04
1.243269e+04	4.539486e-04
1.248242e+04	4.856855e-04
1.253235e+04	4.494237e-04
1.258248e+04	4.615396e-04
1.263281e+04	4.518585e-04
1.268334e+04	4.456602e-04
1.273408e+04	4.544482e-04
1.278501e+04	4.184542e-04
1.283615e+04	4.099183e-04
1.288750e+04	4.353012e-04
1.293905e+04	3.971210e-04
1.299080e+04	4.097194e-04
1.304277e+04	3.879863e-04
1.309494e+04	3.958708e-04
1.314732e+04	3.826409e-04
1.319991e+04	3.801368e-04
1.325271e+04	3.563187e-04
1.330572e+04	3.511141e-04
1.335894e+04	3.585983e-04
1.341238e+04	3.592667e-04
1.346603e+04	3.330755e-04
1.351989e+04	3.485314e-04
1.357397e+04	3.333853e-04
1.362827e+04	3.292907e-04
1.368278e+04	3.255953e-04
1.373751e+04	3.066193e-04
1.379246e+04	3.237556e-04
1.384763e+04	2.935017e-04
1.390302e+04	3.188539e-04
1.395863e+04	3.069528e-04
1.401447e+04	2.864339e-04
1.407052e+04	3.085827e-04
1.412681e+04	2.792166e-04
1.418331e+04	2.674287e-04
1.424005e+04	2.755822e-04
1.429701e+04	2.831998e-04
1.435420e+04	2.611169e-04
1.441161e+04	2.605967e-04
1.446926e+04	2.476971e-04
1.452714e+04	2.559225e-04
1.458524e+04	2.515300e-04
1.464359e+04	2.414131e-04
1.470216e+04	2.386907e-04
1.476097e+04	2.520254e-04
1.482001e+04	2.345651e-04
1.487929e+04	2.233480e-04
1.493881e+04	2.287382e-04
1.499856e+04	2.226451e-04
1.505856e+04	2.216422e-04
1.511879e+04	2.142969e-04
1.517927e+04	2.095973e-04
1.523999e+04	2.176976e-04
1.530095e+04	2.105494e-04
1.536215e+04	2.021809e-04
1.542360e+04	1.964091e-04
1.548529e+04	1.977915e-04
1.554723e+04	1.862222e-04
1.560942e+04	1.933546e-04
1.567186e+04	1.905970e-04
1.573455e+04	1.799918e-04
1.579749e+04	1.848454e-04
1.586068e+04	1.791531e-04
1.592412e+04	1.867719e-04
1.598781e+04	1.634765e-04
1.605177e+04	1.699120e-04
1.611597e+04	1.625697e-04
1.618044e+04	1.702131e-04
1.624516e+04	1.545667e-04
1.631014e+04	1.644601e-04
1.637538e+04	1.641225e-04
1.644088e+04	1.586611e-04
1.650665e+04	1.504942e-04
1.657267e+04	1.484030e-04
1.663896e+04	1.378114e-04
1.670552e+04	1.478008e-04
1.677234e+04	1.526377e-04
1.683943e+04	1.445265e-04
1.690679e+04	1.386209e-04
1.697441e+04	1.380868e-04
1.704231e+04	1.488367e-04
1.711048e+04	1.242221e-04
1.717892e+04	1.352766e-04
1.724764e+04	1.246850e-04
1.731663e+04	1.246298e-04
1.738590e+04	1.184690e-04
1.745544e+04	1.270237e-04
1.752526e+04	1.226457e-04
1.759536e+04	1.171239e-04
1.766574e+04	1.146869e-04
1.773641e+04	1.143456e-04
1.780735e+04	1.139841e-04
1.787858e+04	1.180414e-04
1.795010e+04	1.066480e-04
1.802190e+04	1.139877e-04
1.809398e+04	1.091344e-04
1.816636e+04	9.730600e-05
1.823903e+04	1.070837e-04
1.831198e+04	1.067316e-04
1.838523e+04	1.016298e-04
1.845877e+04	9.986904e-05
1.853261e+04	9.158363e-05
1.860674e+04	8.818243e-05
1.868116e+04	9.404016e-05
1.875589e+04	9.114340e-05
1.883091e+04	9.762882e-05
1.890623e+04	9.018016e-05
1.898186e+04	8.588125e-05
1.905779e+04	9.253753e-05
1.913402e+04	9.060318e-05
1.921055e+04	8.071055e-05
1.928740e+04	8.265328e-05
1.936455e+04	8.475789e-05
1.944200e+04	7.352990e-05
1.951977e+04	8.551374e-05
1.959785e+04	7.589393e-05
1.967624e+04	7.675578e-05
1.991080e+04	7.428947e-05
