0.12,0.0065
0.122,-0.0011
0.124,0.0102
0.126,0.0095
0.128,0.0028
0.13,0.0078
0.132,0.0140
0.134,0.0125
0.136,0.0057
0.138,0.0074
0.14,0.0057
0.142,0.0076
0.144,0.0084
0.146,0.0061
0.148,0.0077
0.15,0.0076
0.152,0.0080
0.154,0.0078
0.156,0.0083
0.158,0.0087
0.16,0.0090
0.162,0.0097
0.164,0.0102
0.166,0.0122
0.168,0.0143
0.17,0.0128
0.172,0.0128
0.174,0.0099
0.176,0.0146
0.178,0.0134
0.18,0.0130
0.182,0.0148
0.184,0.0181
0.186,0.0170
0.188,0.0180
0.19,0.0227
0.192,0.0232
0.194,0.0217
0.196,0.0195
0.198,0.0224
0.2,0.0192
0.202,0.0210
0.204,0.0198
0.206,0.0235
0.208,0.0254
0.21,0.0237
0.212,0.0231
0.214,0.0214
0.216,0.0234
0.218,0.0233
0.22,0.0242
0.222,0.0221
0.224,0.0247
0.226,0.0239
0.228,0.0228
0.23,0.0236
0.232,0.0207
0.234,0.0220
0.236,0.0206
0.238,0.0225
0.24,0.0239
0.242,0.0254
0.244,0.0249
0.246,0.0225
0.248,0.0183
0.25,0.0217
0.252,0.0239
0.254,0.0224
0.256,0.0198
0.258,0.0206
0.26,0.0243
0.262,0.0246
0.264,0.0224
0.266,0.0180
0.268,0.0205
0.27,0.0216
0.272,0.0215
0.274,0.0191
0.276,0.0211
0.278,0.0205
0.28,0.0187
0.282,0.0234
0.284,0.0220
0.286,0.0216
0.288,0.0223
0.29,0.0225
0.292,0.0215
0.294,0.0207
0.296,0.0220
0.298,0.0207
0.3,0.0173
0.302,0.0197
0.304,0.0210
0.306,0.0177
0.308,0.0195
0.31,0.0212
0.312,0.0217
0.314,0.0221
0.316,0.0203
0.318,0.0218
0.32,0.0208
0.322,0.0198
0.324,0.0204
0.326,0.0208
0.328,0.0201
0.33,0.0203
0.332,0.0206
0.334,0.0200
0.336,0.0198
0.338,0.0186
0.34,0.0189
0.342,0.0196
0.344,0.0198
0.346,0.0199
0.348,0.0196
0.35,0.0195
0.352,0.0195
0.354,0.0195
0.356,0.0200
0.358,0.0200
0.36,0.0204
0.362,0.0205
0.364,0.0213
0.366,0.0214
0.368,0.0214
0.37,0.0223
0.372,0.0232
0.374,0.0238
0.376,0.0235
0.378,0.0231
0.38,0.0236
0.382,0.0245
0.384,0.0246
0.386,0.0242
0.388,0.0247
0.39,0.0250
0.392,0.0251
0.394,0.0254
0.396,0.0254
0.398,0.0254
0.4,0.0256
0.402,0.0258
0.404,0.0259
0.406,0.0262
0.408,0.0268
0.41,0.0268
0.412,0.0264
0.414,0.0265
0.416,0.0266
0.418,0.0265
0.42,0.0268
0.422,0.0269
0.424,0.0267
0.426,0.0267
0.428,0.0266
0.43,0.0267
0.432,0.0267
0.434,0.0268
0.436,0.0267
0.438,0.0265
0.44,0.0265
0.442,0.0264
0.444,0.0263
0.446,0.0265
0.448,0.0266
0.45,0.0264
0.452,0.0261
0.454,0.0259
0.456,0.0260
0.458,0.0260
0.46,0.0257
0.462,0.0256
0.464,0.0255
0.466,0.0257
0.468,0.0258
0.47,0.0258
0.472,0.0257
0.474,0.0255
0.476,0.0255
0.478,0.0254
0.48,0.0250
0.482,0.0251
0.484,0.0252
0.486,0.0251
0.488,0.0252
0.49,0.0253
0.492,0.0253
0.494,0.0254
0.496,0.0254
0.498,0.0255
0.5,0.0254
0.502,0.0253
0.504,0.0253
0.506,0.0252
0.508,0.0252
0.51,0.0254
0.512,0.0255
0.514,0.0255
0.516,0.0255
0.518,0.0258
0.5200,2.54E-02
0.5210,2.57E-02
0.5220,2.54E-02
0.5230,2.54E-02
0.5240,2.55E-02
0.5250,2.55E-02
0.5260,2.55E-02
0.5270,2.55E-02
0.5280,2.57E-02
0.5290,2.58E-02
0.5300,2.58E-02
0.5310,2.59E-02
0.5320,2.59E-02
0.5330,2.59E-02
0.5340,2.61E-02
0.5350,2.62E-02
0.5360,2.64E-02
0.5370,2.65E-02
0.5380,2.66E-02
0.5390,2.69E-02
0.5400,2.70E-02
0.5410,2.71E-02
0.5420,2.74E-02
0.5430,2.76E-02
0.5440,2.78E-02
0.5450,2.80E-02
0.5460,2.82E-02
0.5470,2.84E-02
0.5480,2.87E-02
0.5490,2.89E-02
0.5500,2.92E-02
0.5510,2.96E-02
0.5520,3.01E-02
0.5530,3.04E-02
0.5540,3.08E-02
0.5550,3.15E-02
0.5560,3.20E-02
0.5570,3.25E-02
0.5580,3.32E-02
0.5590,3.40E-02
0.5600,3.48E-02
0.5610,3.56E-02
0.5620,3.64E-02
0.5630,3.74E-02
0.5640,3.85E-02
0.5650,3.94E-02
0.5660,4.04E-02
0.5670,4.16E-02
0.5680,4.30E-02
0.5690,4.44E-02
0.5700,4.58E-02
0.5710,4.73E-02
0.5720,4.91E-02
0.5730,5.10E-02
0.5740,5.29E-02
0.5750,5.46E-02
0.5760,5.66E-02
0.5770,5.89E-02
0.5780,6.12E-02
0.5790,6.34E-02
0.5800,6.57E-02
0.5810,6.81E-02
0.5820,7.07E-02
0.5830,7.33E-02
0.5840,7.59E-02
0.5850,7.84E-02
0.5860,8.10E-02
0.5870,8.38E-02
0.5880,8.66E-02
0.5890,8.94E-02
0.5900,9.22E-02
0.5910,9.50E-02
0.5920,9.77E-02
0.5930,1.00E-01
0.5940,1.03E-01
0.5950,1.05E-01
0.5960,1.07E-01
0.5970,1.09E-01
0.5980,1.11E-01
0.5990,1.13E-01
0.6000,1.15E-01
0.6010,1.17E-01
0.6020,1.19E-01
0.6030,1.20E-01
0.6040,1.22E-01
0.6050,1.23E-01
0.6060,1.25E-01
0.6070,1.26E-01
0.6080,1.28E-01
0.6090,1.29E-01
0.6100,1.30E-01
0.6110,1.32E-01
0.6120,1.33E-01
0.6130,1.34E-01
0.6140,1.35E-01
0.6150,1.36E-01
0.6160,1.37E-01
0.6170,1.38E-01
0.6180,1.39E-01
0.6190,1.40E-01
0.6200,1.41E-01
0.6210,1.42E-01
0.6220,1.43E-01
0.6230,1.43E-01
0.6240,1.44E-01
0.6250,1.45E-01
0.6260,1.45E-01
0.6270,1.46E-01
0.6280,1.47E-01
0.6290,1.47E-01
0.6300,1.48E-01
0.6310,1.49E-01
0.6320,1.49E-01
0.6330,1.50E-01
0.6340,1.50E-01
0.6350,1.51E-01
0.6360,1.52E-01
0.6370,1.52E-01
0.6380,1.53E-01
0.6390,1.53E-01
0.6400,1.54E-01
0.6410,1.55E-01
0.6420,1.55E-01
0.6430,1.56E-01
0.6440,1.57E-01
0.6450,1.57E-01
0.6460,1.58E-01
0.6470,1.58E-01
0.6480,1.59E-01
0.6490,1.59E-01
0.6500,1.60E-01
0.6510,1.61E-01
0.6520,1.62E-01
0.6530,1.62E-01
0.6540,1.63E-01
0.6550,1.64E-01
0.6560,1.64E-01
0.6570,1.65E-01
0.6580,1.66E-01
0.6590,1.67E-01
0.6600,1.68E-01
0.6610,1.68E-01
0.6620,1.69E-01
0.6630,1.70E-01
0.6640,1.70E-01
0.6650,1.71E-01
0.6660,1.72E-01
0.6670,1.73E-01
0.6680,1.74E-01
0.6690,1.75E-01
0.6700,1.76E-01
0.6710,1.77E-01
0.6720,1.78E-01
0.6730,1.79E-01
0.6740,1.80E-01
0.6750,1.80E-01
0.6760,1.81E-01
0.6770,1.82E-01
0.6780,1.83E-01
0.6790,1.85E-01
0.6800,1.86E-01
0.6810,1.87E-01
0.6820,1.88E-01
0.6830,1.89E-01
0.6840,1.90E-01
0.6850,1.91E-01
0.6860,1.92E-01
0.6870,1.93E-01
0.6880,1.95E-01
0.6890,1.96E-01
0.6900,1.97E-01
0.6910,1.98E-01
0.6920,1.99E-01
0.6930,2.00E-01
0.6940,2.02E-01
0.6950,2.03E-01
0.6960,2.04E-01
0.6970,2.06E-01
0.6980,2.07E-01
0.6990,2.08E-01
0.7000,2.09E-01
0.7010,2.10E-01
0.7020,2.12E-01
0.7030,2.13E-01
0.7040,2.14E-01
0.7050,2.15E-01
0.7060,2.17E-01
0.7070,2.18E-01
0.7080,2.19E-01
0.7090,2.20E-01
0.7100,2.21E-01
0.7110,2.22E-01
0.7120,2.24E-01
0.7130,2.25E-01
0.7140,2.26E-01
0.7150,2.27E-01
0.7160,2.28E-01
0.7170,2.29E-01
0.7180,2.30E-01
0.7190,2.31E-01
0.7200,2.32E-01
0.7210,2.33E-01
0.7220,2.34E-01
0.7230,2.35E-01
0.7240,2.36E-01
0.7250,2.37E-01
0.7260,2.38E-01
0.7270,2.39E-01
0.7280,2.39E-01
0.7290,2.40E-01
0.7300,2.41E-01
0.7310,2.42E-01
0.7320,2.43E-01
0.7330,2.43E-01
0.7340,2.44E-01
0.7350,2.45E-01
0.7360,2.45E-01
0.7370,2.46E-01
0.7380,2.46E-01
0.7390,2.47E-01
0.7400,2.47E-01
0.7410,2.48E-01
0.7420,2.48E-01
0.7430,2.48E-01
0.7440,2.48E-01
0.7450,2.48E-01
0.7460,2.49E-01
0.7470,2.49E-01
0.7480,2.49E-01
0.7490,2.49E-01
0.7500,2.49E-01
0.7510,2.50E-01
0.7520,2.49E-01
0.7530,2.49E-01
0.7540,2.49E-01
0.7550,2.49E-01
0.7560,2.49E-01
0.7570,2.49E-01
0.7580,2.49E-01
0.7590,2.48E-01
0.7600,2.48E-01
0.7610,2.48E-01
0.7620,2.47E-01
0.7630,2.47E-01
0.7640,2.47E-01
0.7650,2.47E-01
0.7660,2.46E-01
0.7670,2.46E-01
0.7680,2.46E-01
0.7690,2.45E-01
0.7700,2.44E-01
0.7710,2.44E-01
0.7720,2.43E-01
0.7730,2.43E-01
0.7740,2.42E-01
0.7750,2.42E-01
0.7760,2.41E-01
0.7770,2.41E-01
0.7780,2.40E-01
0.7790,2.39E-01
0.7800,2.39E-01
0.7810,2.38E-01
0.7820,2.38E-01
0.7830,2.37E-01
0.7840,2.37E-01
0.7850,2.36E-01
0.7860,2.35E-01
0.7870,2.34E-01
0.7880,2.34E-01
0.7890,2.33E-01
0.7900,2.33E-01
0.7910,2.32E-01
0.7920,2.31E-01
0.7930,2.31E-01
0.7940,2.30E-01
0.7950,2.29E-01
0.7960,2.29E-01
0.7970,2.28E-01
0.7980,2.27E-01
0.7990,2.27E-01
0.8000,2.26E-01
0.8010,2.25E-01
0.8020,2.25E-01
0.8030,2.24E-01
0.8040,2.23E-01
0.8050,2.23E-01
0.8060,2.22E-01
0.8070,2.22E-01
0.8080,2.21E-01
0.8090,2.21E-01
0.8100,2.20E-01
0.8110,2.20E-01
0.8120,2.19E-01
0.8130,2.19E-01
0.8140,2.18E-01
0.8150,2.18E-01
0.8160,2.17E-01
0.8170,2.16E-01
0.8180,2.16E-01
0.8190,2.15E-01
0.8200,2.15E-01
0.8210,2.15E-01
0.8220,2.14E-01
0.8230,2.14E-01
0.8240,2.13E-01
0.8250,2.13E-01
0.8260,2.12E-01
0.8270,2.12E-01
0.8280,2.11E-01
0.8290,2.11E-01
0.8300,2.11E-01
0.8310,2.10E-01
0.8320,2.10E-01
0.8330,2.10E-01
0.8340,2.09E-01
0.8350,2.09E-01
0.8360,2.09E-01
0.8370,2.09E-01
0.8380,2.08E-01
0.8390,2.08E-01
0.8400,2.08E-01
0.8410,2.08E-01
0.8420,2.08E-01
0.8430,2.07E-01
0.8440,2.07E-01
0.8450,2.07E-01
0.8460,2.07E-01
0.8470,2.07E-01
0.8480,2.07E-01
0.8490,2.07E-01
0.8500,2.07E-01
0.8510,2.06E-01
0.8520,2.06E-01
0.8530,2.06E-01
0.8540,2.06E-01
0.8550,2.06E-01
0.8560,2.06E-01
0.8570,2.06E-01
0.8580,2.06E-01
0.8590,2.06E-01
0.8600,2.06E-01
0.8610,2.06E-01
0.8620,2.06E-01
0.8630,2.06E-01
0.8640,2.06E-01
0.8650,2.06E-01
0.8660,2.06E-01
0.8670,2.06E-01
0.8680,2.07E-01
0.8690,2.07E-01
0.8700,2.07E-01
0.8710,2.07E-01
0.8720,2.07E-01
0.8730,2.07E-01
0.8740,2.07E-01
0.8750,2.07E-01
0.8760,2.08E-01
0.8770,2.08E-01
0.8780,2.08E-01
0.8790,2.08E-01
0.8800,2.09E-01
0.8810,2.09E-01
0.8820,2.09E-01
0.8830,2.10E-01
0.8840,2.10E-01
0.8850,2.10E-01
0.8860,2.10E-01
0.8870,2.11E-01
0.8880,2.11E-01
0.8890,2.11E-01
0.8900,2.12E-01
0.8910,2.12E-01
0.8920,2.13E-01
0.8930,2.13E-01
0.8940,2.14E-01
0.8950,2.14E-01
0.8960,2.15E-01
0.8970,2.15E-01
0.8980,2.16E-01
0.8990,2.16E-01
0.9000,2.17E-01
0.9010,2.17E-01
0.9020,2.18E-01
0.9030,2.18E-01
0.9040,2.19E-01
0.9050,2.19E-01
0.9060,2.20E-01
0.9070,2.20E-01
0.9080,2.21E-01
0.9090,2.22E-01
0.9100,2.22E-01
0.9110,2.23E-01
0.9120,2.24E-01
0.9130,2.25E-01
0.9140,2.25E-01
0.9150,2.26E-01
0.9160,2.27E-01
0.9170,2.28E-01
0.9180,2.28E-01
0.9190,2.29E-01
0.9200,2.30E-01
0.9210,2.31E-01
0.9220,2.32E-01
0.9230,2.33E-01
0.9240,2.33E-01
0.9250,2.34E-01
0.9260,2.35E-01
0.9270,2.35E-01
0.9280,2.36E-01
0.9290,2.37E-01
0.9300,2.38E-01
0.9310,2.39E-01
0.9320,2.40E-01
0.9330,2.41E-01
0.9340,2.42E-01
0.9350,2.43E-01
0.9360,2.43E-01
0.9370,2.44E-01
0.9380,2.45E-01
0.9390,2.46E-01
0.9400,2.47E-01
0.9410,2.48E-01
0.9420,2.49E-01
0.9430,2.50E-01
0.9440,2.52E-01
0.9450,2.53E-01
0.9460,2.54E-01
0.9470,2.55E-01
0.9480,2.56E-01
0.9490,2.57E-01
0.9500,2.58E-01
0.9510,2.59E-01
0.9520,2.61E-01
0.9530,2.62E-01
0.9540,2.62E-01
0.9550,2.64E-01
0.9560,2.65E-01
0.9570,2.66E-01
0.9580,2.67E-01
0.9590,2.68E-01
0.9600,2.69E-01
0.9610,2.71E-01
0.9620,2.72E-01
0.9630,2.73E-01
0.9640,2.74E-01
0.9650,2.75E-01
0.9660,2.77E-01
0.9670,2.78E-01
0.9680,2.79E-01
0.9690,2.80E-01
0.9700,2.81E-01
0.9710,2.82E-01
0.9720,2.83E-01
0.9730,2.84E-01
0.9740,2.85E-01
0.9750,2.86E-01
0.9760,2.88E-01
0.9770,2.89E-01
0.9780,2.90E-01
0.9790,2.91E-01
0.9800,2.92E-01
0.9810,2.93E-01
0.9820,2.95E-01
0.9830,2.96E-01
0.9840,2.97E-01
0.9850,2.99E-01
0.9860,3.00E-01
0.9870,3.01E-01
0.9880,3.01E-01
0.9890,3.03E-01
0.9900,3.04E-01
0.9910,3.05E-01
0.9920,3.06E-01
0.9930,3.07E-01
0.9940,3.09E-01
0.9950,3.09E-01
0.9960,3.10E-01
0.9970,3.11E-01
0.9980,3.12E-01
0.9990,3.13E-01
1.0000,3.14E-01
1.0010,3.15E-01
1.0020,3.16E-01
1.0030,3.17E-01
1.0040,3.18E-01
1.0050,3.18E-01
1.0060,3.19E-01
1.0070,3.20E-01
1.0080,3.21E-01
1.0090,3.22E-01
1.0100,3.23E-01
1.0110,3.23E-01
1.0120,3.24E-01
1.0130,3.25E-01
1.0140,3.25E-01
1.0150,3.26E-01
1.0160,3.27E-01
1.0170,3.27E-01
1.0180,3.28E-01
1.0190,3.29E-01
1.0200,3.29E-01
1.0210,3.30E-01
1.0220,3.30E-01
1.0230,3.31E-01
1.0240,3.32E-01
1.0250,3.33E-01
1.0260,3.33E-01
1.0270,3.34E-01
1.0280,3.34E-01
1.0290,3.34E-01
1.0300,3.35E-01
1.0310,3.35E-01
1.0320,3.36E-01
1.0330,3.36E-01
1.0340,3.37E-01
1.0350,3.37E-01
1.0360,3.38E-01
1.0370,3.39E-01
1.0380,3.39E-01
1.0390,3.40E-01
1.0400,3.40E-01
1.0410,3.40E-01
1.0420,3.41E-01
1.0430,3.41E-01
1.0440,3.42E-01
1.0450,3.42E-01
1.0460,3.43E-01
1.0470,3.43E-01
1.0480,3.43E-01
1.0490,3.44E-01
1.0500,3.44E-01
1.0510,3.44E-01
1.0520,3.45E-01
1.0530,3.45E-01
1.0540,3.45E-01
1.0550,3.46E-01
1.0560,3.46E-01
1.0570,3.46E-01
1.0580,3.47E-01
1.0590,3.47E-01
1.0600,3.47E-01
1.0610,3.48E-01
1.0620,3.48E-01
1.0630,3.48E-01
1.0640,3.48E-01
1.0650,3.48E-01
1.0660,3.49E-01
1.0670,3.49E-01
1.0680,3.49E-01
1.0690,3.49E-01
1.0700,3.49E-01
1.0710,3.49E-01
1.0720,3.50E-01
1.0730,3.50E-01
1.0740,3.50E-01
1.0750,3.50E-01
1.0760,3.50E-01
1.0770,3.50E-01
1.0780,3.50E-01
1.0790,3.51E-01
1.0800,3.51E-01
1.0810,3.51E-01
1.0820,3.51E-01
1.0830,3.51E-01
1.0840,3.51E-01
1.0850,3.52E-01
1.0860,3.52E-01
1.0870,3.52E-01
1.0880,3.52E-01
1.0890,3.52E-01
1.0900,3.52E-01
1.0910,3.52E-01
1.0920,3.52E-01
1.0930,3.53E-01
1.0940,3.53E-01
1.0950,3.53E-01
1.0960,3.53E-01
1.0970,3.53E-01
1.0980,3.54E-01
1.0990,3.54E-01
1.1000,3.54E-01
1.1010,3.54E-01
1.1020,3.54E-01
1.1030,3.54E-01
1.1040,3.54E-01
1.1050,3.54E-01
1.1060,3.54E-01
1.1070,3.54E-01
1.1080,3.54E-01
1.1090,3.54E-01
1.1100,3.54E-01
1.1110,3.55E-01
1.1120,3.55E-01
1.1130,3.55E-01
1.1140,3.55E-01
1.1150,3.55E-01
1.1160,3.55E-01
1.1170,3.55E-01
1.1180,3.55E-01
1.1190,3.55E-01
1.1200,3.55E-01
1.1210,3.55E-01
1.1220,3.55E-01
1.1230,3.55E-01
1.1240,3.55E-01
1.1250,3.55E-01
1.1260,3.56E-01
1.1270,3.56E-01
1.1280,3.56E-01
1.1290,3.56E-01
1.1300,3.56E-01
1.1310,3.56E-01
1.1320,3.56E-01
1.1330,3.56E-01
1.1340,3.56E-01
1.1350,3.57E-01
1.1360,3.56E-01
1.1370,3.56E-01
1.1380,3.57E-01
1.1390,3.57E-01
1.1400,3.56E-01
1.1410,3.56E-01
1.1420,3.56E-01
1.1430,3.56E-01
1.1440,3.56E-01
1.1450,3.56E-01
1.1460,3.56E-01
1.1470,3.56E-01
1.1480,3.56E-01
1.1490,3.56E-01
1.1500,3.56E-01
1.1510,3.56E-01
1.1520,3.56E-01
1.1530,3.56E-01
1.1540,3.56E-01
1.1550,3.56E-01
1.1560,3.56E-01
1.1570,3.56E-01
1.1580,3.56E-01
1.1590,3.56E-01
1.1600,3.55E-01
1.1610,3.55E-01
1.1620,3.55E-01
1.1630,3.55E-01
1.1640,3.55E-01
1.1650,3.55E-01
1.1660,3.55E-01
1.1670,3.55E-01
1.1680,3.55E-01
1.1690,3.55E-01
1.1700,3.55E-01
1.1710,3.55E-01
1.1720,3.55E-01
1.1730,3.55E-01
1.1740,3.55E-01
1.1750,3.55E-01
1.1760,3.55E-01
1.1770,3.55E-01
1.1780,3.54E-01
1.1790,3.54E-01
1.1800,3.54E-01
1.1810,3.54E-01
1.1820,3.54E-01
1.1830,3.54E-01
1.1840,3.54E-01
1.1850,3.54E-01
1.1860,3.54E-01
1.1870,3.54E-01
1.1880,3.54E-01
1.1890,3.54E-01
1.1900,3.53E-01
1.1910,3.53E-01
1.1920,3.53E-01
1.1930,3.53E-01
1.1940,3.53E-01
1.1950,3.53E-01
1.1960,3.53E-01
1.1970,3.53E-01
1.1980,3.53E-01
1.1990,3.52E-01
1.2000,3.52E-01
1.2010,3.52E-01
1.2020,3.52E-01
1.2030,3.52E-01
1.2040,3.52E-01
1.2050,3.51E-01
1.2060,3.51E-01
1.2070,3.51E-01
1.2080,3.51E-01
1.2090,3.51E-01
1.2100,3.51E-01
1.2110,3.50E-01
1.2120,3.50E-01
1.2130,3.50E-01
1.2140,3.50E-01
1.2150,3.50E-01
1.2160,3.50E-01
1.2170,3.49E-01
1.2180,3.49E-01
1.2190,3.49E-01
1.2200,3.49E-01
1.2210,3.49E-01
1.2220,3.49E-01
1.2230,3.49E-01
1.2240,3.48E-01
1.2250,3.48E-01
1.2260,3.48E-01
1.2270,3.48E-01
1.2280,3.48E-01
1.2290,3.48E-01
1.2300,3.48E-01
1.2310,3.48E-01
1.2320,3.48E-01
1.2330,3.48E-01
1.2340,3.48E-01
1.2350,3.48E-01
1.2360,3.48E-01
1.2370,3.48E-01
1.2380,3.47E-01
1.2390,3.47E-01
1.2400,3.47E-01
1.2410,3.47E-01
1.2420,3.47E-01
1.2430,3.47E-01
1.2440,3.47E-01
1.2450,3.46E-01
1.2460,3.46E-01
1.2470,3.46E-01
1.2480,3.46E-01
1.2490,3.46E-01
1.2500,3.45E-01
1.2510,3.45E-01
1.2520,3.45E-01
1.2530,3.45E-01
1.2540,3.45E-01
1.2550,3.45E-01
1.2560,3.44E-01
1.2570,3.44E-01
1.2580,3.44E-01
1.2590,3.44E-01
1.2600,3.44E-01
1.2610,3.43E-01
1.2620,3.43E-01
1.2630,3.43E-01
1.2640,3.43E-01
1.2650,3.43E-01
1.2660,3.42E-01
1.2670,3.42E-01
1.2680,3.42E-01
1.2690,3.42E-01
1.2700,3.41E-01
1.2710,3.41E-01
1.2720,3.41E-01
1.2730,3.41E-01
1.2740,3.40E-01
1.2750,3.40E-01
1.2760,3.40E-01
1.2770,3.40E-01
1.2780,3.40E-01
1.2790,3.39E-01
1.2800,3.39E-01
1.2810,3.39E-01
1.2820,3.39E-01
1.2830,3.39E-01
1.2840,3.39E-01
1.2850,3.39E-01
1.2860,3.39E-01
1.2870,3.38E-01
1.2880,3.38E-01
1.2890,3.38E-01
1.2900,3.38E-01
1.2910,3.38E-01
1.2920,3.38E-01
1.2930,3.38E-01
1.2940,3.38E-01
1.2950,3.38E-01
1.2960,3.37E-01
1.2970,3.37E-01
1.2980,3.37E-01
1.2990,3.37E-01
1.3000,3.37E-01
1.3010,3.37E-01
1.3020,3.36E-01
1.3030,3.36E-01
1.3040,3.36E-01
1.3050,3.36E-01
1.3060,3.35E-01
1.3070,3.35E-01
1.3080,3.35E-01
1.3090,3.35E-01
1.3100,3.35E-01
1.3110,3.34E-01
1.3120,3.34E-01
1.3130,3.34E-01
1.3140,3.34E-01
1.3150,3.34E-01
1.3160,3.33E-01
1.3170,3.33E-01
1.3180,3.33E-01
1.3190,3.33E-01
1.3200,3.33E-01
1.3210,3.32E-01
1.3220,3.32E-01
1.3230,3.32E-01
1.3240,3.32E-01
1.3250,3.32E-01
1.3260,3.32E-01
1.3270,3.31E-01
1.3280,3.31E-01
1.3290,3.31E-01
1.3300,3.31E-01
1.3310,3.31E-01
1.3320,3.31E-01
1.3330,3.31E-01
1.3340,3.31E-01
1.3350,3.30E-01
1.3360,3.30E-01
1.3370,3.30E-01
1.3380,3.30E-01
1.3390,3.30E-01
1.3400,3.29E-01
1.3410,3.29E-01
1.3420,3.29E-01
1.3430,3.29E-01
1.3440,3.29E-01
1.3450,3.29E-01
1.3460,3.29E-01
1.3470,3.28E-01
1.3480,3.28E-01
1.3490,3.28E-01
1.3500,3.28E-01
1.3510,3.28E-01
1.3520,3.28E-01
1.3530,3.27E-01
1.3540,3.27E-01
1.3550,3.27E-01
1.3560,3.27E-01
1.3570,3.27E-01
1.3580,3.27E-01
1.3590,3.27E-01
1.3600,3.27E-01
1.3610,3.26E-01
1.3620,3.26E-01
1.3630,3.26E-01
1.3640,3.26E-01
1.3650,3.26E-01
1.3660,3.26E-01
1.3670,3.25E-01
1.3680,3.25E-01
1.3690,3.25E-01
1.3700,3.25E-01
1.3710,3.25E-01
1.3720,3.24E-01
1.3730,3.24E-01
1.3740,3.24E-01
1.3750,3.24E-01
1.3760,3.24E-01
1.3770,3.24E-01
1.3780,3.23E-01
1.3790,3.23E-01
1.3800,3.23E-01
1.3810,3.23E-01
1.3820,3.23E-01
1.3830,3.23E-01
1.3840,3.22E-01
1.3850,3.22E-01
1.3860,3.22E-01
1.3870,3.22E-01
1.3880,3.22E-01
1.3890,3.22E-01
1.3900,3.22E-01
1.3910,3.21E-01
1.3920,3.21E-01
1.3930,3.21E-01
1.3940,3.21E-01
1.3950,3.21E-01
1.3960,3.21E-01
1.3970,3.21E-01
1.3980,3.21E-01
1.3990,3.21E-01
1.4000,3.21E-01
1.4010,3.20E-01
1.4020,3.20E-01
1.4030,3.20E-01
1.4040,3.20E-01
1.4050,3.20E-01
1.4060,3.20E-01
1.4070,3.20E-01
1.4080,3.20E-01
1.4090,3.20E-01
1.4100,3.20E-01
1.4110,3.20E-01
1.4120,3.19E-01
1.4130,3.19E-01
1.4140,3.19E-01
1.4150,3.19E-01
1.4160,3.19E-01
1.4170,3.19E-01
1.4180,3.18E-01
1.4190,3.18E-01
1.4200,3.18E-01
1.4210,3.18E-01
1.4220,3.18E-01
1.4230,3.17E-01
1.4240,3.17E-01
1.4250,3.17E-01
1.4260,3.17E-01
1.4270,3.17E-01
1.4280,3.16E-01
1.4290,3.16E-01
1.4300,3.16E-01
1.4310,3.16E-01
1.4320,3.16E-01
1.4330,3.16E-01
1.4340,3.16E-01
1.4350,3.15E-01
1.4360,3.15E-01
1.4370,3.15E-01
1.4380,3.15E-01
1.4390,3.15E-01
1.4400,3.15E-01
1.4410,3.15E-01
1.4420,3.15E-01
1.4430,3.14E-01
1.4440,3.14E-01
1.4450,3.14E-01
1.4460,3.14E-01
1.4470,3.14E-01
1.4480,3.14E-01
1.4490,3.13E-01
1.4500,3.13E-01
1.4510,3.13E-01
1.4520,3.13E-01
1.4530,3.13E-01
1.4540,3.12E-01
1.4550,3.12E-01
1.4560,3.12E-01
1.4570,3.12E-01
1.4580,3.12E-01
1.4590,3.11E-01
1.4600,3.11E-01
1.4610,3.11E-01
1.4620,3.11E-01
1.4630,3.11E-01
1.4640,3.11E-01
1.4650,3.11E-01
1.4660,3.10E-01
1.4670,3.10E-01
1.4680,3.10E-01
1.4690,3.10E-01
1.4700,3.10E-01
1.4710,3.10E-01
1.4720,3.09E-01
1.4730,3.09E-01
1.4740,3.09E-01
1.4750,3.09E-01
1.4760,3.09E-01
1.4770,3.09E-01
1.4780,3.08E-01
1.4790,3.08E-01
1.4800,3.08E-01
1.4810,3.08E-01
1.4820,3.08E-01
1.4830,3.08E-01
1.4840,3.07E-01
1.4850,3.07E-01
1.4860,3.07E-01
1.4870,3.07E-01
1.4880,3.07E-01
1.4890,3.07E-01
1.4900,3.07E-01
1.4910,3.07E-01
1.4920,3.06E-01
1.4930,3.06E-01
1.4940,3.06E-01
1.4950,3.06E-01
1.4960,3.06E-01
1.4970,3.06E-01
1.4980,3.06E-01
1.4990,3.06E-01
1.5000,3.06E-01
1.5010,3.06E-01
1.5020,3.06E-01
1.5030,3.06E-01
1.5040,3.06E-01
1.5050,3.06E-01
1.5060,3.06E-01
1.5070,3.06E-01
1.5080,3.05E-01
1.5090,3.05E-01
1.5100,3.05E-01
1.5110,3.05E-01
1.5120,3.05E-01
1.5130,3.05E-01
1.5140,3.05E-01
1.5150,3.05E-01
1.5160,3.05E-01
1.5170,3.04E-01
1.5180,3.04E-01
1.5190,3.04E-01
1.5200,3.04E-01
1.5210,3.04E-01
1.5220,3.04E-01
1.5230,3.03E-01
1.5240,3.03E-01
1.5250,3.03E-01
1.5260,3.03E-01
1.5270,3.03E-01
1.5280,3.03E-01
1.5290,3.02E-01
1.5300,3.02E-01
1.5310,3.02E-01
1.5320,3.02E-01
1.5330,3.02E-01
1.5340,3.02E-01
1.5350,3.01E-01
1.5360,3.01E-01
1.5370,3.01E-01
1.5380,3.01E-01
1.5390,3.01E-01
1.5400,3.01E-01
1.5410,3.01E-01
1.5420,3.01E-01
1.5430,3.00E-01
1.5440,3.00E-01
1.5450,3.00E-01
1.5460,3.00E-01
1.5470,3.00E-01
1.5480,3.00E-01
1.5490,3.00E-01
1.5500,2.99E-01
1.5510,2.99E-01
1.5520,2.99E-01
1.5530,2.99E-01
1.5540,2.99E-01
1.5550,2.99E-01
1.5560,2.98E-01
1.5570,2.98E-01
1.5580,2.98E-01
1.5590,2.98E-01
1.5600,2.98E-01
1.5610,2.98E-01
1.5620,2.97E-01
1.5630,2.97E-01
1.5640,2.97E-01
1.5650,2.97E-01
1.5660,2.97E-01
1.5670,2.96E-01
1.5680,2.96E-01
1.5690,2.96E-01
1.5700,2.96E-01
1.5710,2.96E-01
1.5720,2.96E-01
1.5730,2.95E-01
1.5740,2.95E-01
1.5750,2.95E-01
1.5760,2.95E-01
1.5770,2.95E-01
1.5780,2.95E-01
1.5790,2.95E-01
1.5800,2.95E-01
1.5810,2.94E-01
1.5820,2.94E-01
1.5830,2.94E-01
1.5840,2.94E-01
1.5850,2.94E-01
1.5860,2.94E-01
1.5870,2.94E-01
1.5880,2.93E-01
1.5890,2.93E-01
1.5900,2.93E-01
1.5910,2.93E-01
1.5920,2.93E-01
1.5930,2.93E-01
1.5940,2.92E-01
1.5950,2.92E-01
1.5960,2.92E-01
1.5970,2.92E-01
1.5980,2.92E-01
1.5990,2.91E-01
1.6000,2.91E-01
1.6010,2.91E-01
1.6020,2.91E-01
1.6030,2.91E-01
1.6040,2.91E-01
1.6050,2.90E-01
1.6060,2.90E-01
1.6070,2.90E-01
1.6080,2.90E-01
1.6090,2.90E-01
1.6100,2.90E-01
1.6110,2.90E-01
1.6120,2.89E-01
1.6130,2.89E-01
1.6140,2.89E-01
1.6150,2.89E-01
1.6160,2.89E-01
1.6170,2.89E-01
1.6180,2.88E-01
1.6190,2.88E-01
1.6200,2.88E-01
1.6210,2.88E-01
1.6220,2.88E-01
1.6230,2.88E-01
1.6240,2.88E-01
1.6250,2.88E-01
1.6260,2.88E-01
1.6270,2.88E-01
1.6280,2.88E-01
1.6290,2.87E-01
1.6300,2.87E-01
1.6310,2.87E-01
1.6320,2.87E-01
1.6330,2.87E-01
1.6340,2.87E-01
1.6350,2.87E-01
1.6360,2.87E-01
1.6370,2.87E-01
1.6380,2.86E-01
1.6390,2.86E-01
1.6400,2.86E-01
1.6410,2.86E-01
1.6420,2.86E-01
1.6430,2.86E-01
1.6440,2.85E-01
1.6450,2.85E-01
1.6460,2.85E-01
1.6470,2.85E-01
1.6480,2.85E-01
1.6490,2.85E-01
1.6500,2.85E-01
1.6510,2.85E-01
1.6520,2.85E-01
1.6530,2.85E-01
1.6540,2.85E-01
1.6550,2.84E-01
1.6560,2.84E-01
1.6570,2.84E-01
1.6580,2.84E-01
1.6590,2.84E-01
1.6600,2.84E-01
1.6610,2.84E-01
1.6620,2.84E-01
1.6630,2.84E-01
1.6640,2.84E-01
1.6650,2.84E-01
1.6660,2.84E-01
1.6670,2.84E-01
1.6680,2.83E-01
1.6690,2.83E-01
1.6700,2.83E-01
1.6710,2.83E-01
1.6720,2.83E-01
1.6730,2.82E-01
1.6740,2.82E-01
1.6750,2.82E-01
1.6760,2.82E-01
1.6770,2.82E-01
1.6780,2.81E-01
1.6790,2.81E-01
1.6800,2.81E-01
1.6810,2.81E-01
1.6820,2.81E-01
1.6830,2.81E-01
1.6840,2.81E-01
1.6850,2.80E-01
1.6860,2.80E-01
1.6870,2.80E-01
1.6880,2.80E-01
1.6890,2.80E-01
1.6900,2.80E-01
1.6910,2.80E-01
1.6920,2.79E-01
1.6930,2.79E-01
1.6940,2.79E-01
1.6950,2.79E-01
1.6960,2.79E-01
1.6970,2.79E-01
1.6980,2.79E-01
1.6990,2.79E-01
1.7000,2.78E-01
1.7010,2.78E-01
1.7020,2.78E-01
1.7030,2.78E-01
1.7040,2.78E-01
1.7050,2.78E-01
1.7060,2.78E-01
1.7070,2.78E-01
1.7080,2.78E-01
1.7090,2.78E-01
1.7100,2.78E-01
1.7110,2.78E-01
1.7120,2.78E-01
1.7130,2.78E-01
1.7140,2.78E-01
1.7150,2.78E-01
1.7160,2.78E-01
1.7170,2.78E-01
1.7180,2.78E-01
1.7190,2.77E-01
1.7200,2.77E-01
1.7210,2.77E-01
1.7220,2.77E-01
1.7230,2.77E-01
1.7240,2.77E-01
1.7250,2.77E-01
1.7260,2.77E-01
1.7270,2.76E-01
1.7280,2.76E-01
1.7290,2.76E-01
1.7300,2.76E-01
1.7310,2.76E-01
1.7320,2.76E-01
1.7330,2.76E-01
1.7340,2.75E-01
1.7350,2.75E-01
1.7360,2.75E-01
1.7370,2.75E-01
1.7380,2.75E-01
1.7390,2.75E-01
1.7400,2.75E-01
1.7410,2.75E-01
1.7420,2.74E-01
1.7430,2.74E-01
1.7440,2.74E-01
1.7450,2.74E-01
1.7460,2.74E-01
1.7470,2.74E-01
1.7480,2.73E-01
1.7490,2.73E-01
1.7500,2.73E-01
1.7510,2.73E-01
1.7520,2.73E-01
1.7530,2.72E-01
1.7540,2.72E-01
1.7550,2.72E-01
1.7560,2.72E-01
1.7570,2.72E-01
1.7580,2.72E-01
1.7590,2.72E-01
1.7600,2.71E-01
1.7610,2.71E-01
1.7620,2.71E-01
1.7630,2.71E-01
1.7640,2.71E-01
1.7650,2.71E-01
1.7660,2.71E-01
1.7670,2.71E-01
1.7680,2.71E-01
1.7690,2.71E-01
1.7700,2.70E-01
1.7710,2.70E-01
1.7720,2.70E-01
1.7730,2.70E-01
1.7740,2.70E-01
1.7750,2.70E-01
1.7760,2.70E-01
1.7770,2.70E-01
1.7780,2.70E-01
1.7790,2.70E-01
1.7800,2.70E-01
1.7810,2.69E-01
1.7820,2.69E-01
1.7830,2.69E-01
1.7840,2.69E-01
1.7850,2.69E-01
1.7860,2.69E-01
1.7870,2.69E-01
1.7880,2.69E-01
1.7890,2.68E-01
1.7900,2.68E-01
1.7910,2.68E-01
1.7920,2.68E-01
1.7930,2.68E-01
1.7940,2.68E-01
1.7950,2.68E-01
1.7960,2.68E-01
1.7970,2.68E-01
1.7980,2.68E-01
1.7990,2.68E-01
1.8000,2.68E-01
1.8003,0.26706
1.8009,0.26705
1.8016,0.26711
1.8022,0.26712
1.8028,0.26724
1.8034,0.26760
1.8041,0.26792
1.8047,0.26792
1.8053,0.26779
1.8060,0.26765
1.8066,0.26741
1.8072,0.26716
1.8078,0.26711
1.8085,0.26698
1.8091,0.26652
1.8097,0.26621
1.8104,0.26650
1.8110,0.26668
1.8116,0.26622
1.8123,0.26579
1.8129,0.26581
1.8135,0.26611
1.8142,0.26637
1.8148,0.26611
1.8154,0.26553
1.8161,0.26540
1.8167,0.26579
1.8174,0.26602
1.8180,0.26578
1.8186,0.26551
1.8193,0.26555
1.8199,0.26570
1.8205,0.26566
1.8212,0.26553
1.8218,0.26565
1.8225,0.26586
1.8231,0.26572
1.8237,0.26524
1.8244,0.26491
1.8250,0.26507
1.8257,0.26550
1.8263,0.26561
1.8270,0.26528
1.8276,0.26497
1.8282,0.26487
1.8289,0.26462
1.8295,0.26428
1.8302,0.26436
1.8308,0.26476
1.8315,0.26492
1.8321,0.26474
1.8328,0.26448
1.8334,0.26434
1.8341,0.26434
1.8347,0.26437
1.8354,0.26443
1.8360,0.26446
1.8367,0.26446
1.8373,0.26444
1.8380,0.26426
1.8386,0.26405
1.8393,0.26392
1.8399,0.26361
1.8406,0.26335
1.8412,0.26347
1.8419,0.26355
1.8425,0.26341
1.8432,0.26329
1.8439,0.26318
1.8445,0.26306
1.8452,0.26298
1.8458,0.26290
1.8465,0.26290
1.8471,0.26291
1.8478,0.26280
1.8485,0.26268
1.8491,0.26254
1.8498,0.26230
1.8504,0.26218
1.8511,0.26227
1.8518,0.26250
1.8524,0.26265
1.8531,0.26254
1.8537,0.26241
1.8544,0.26239
1.8551,0.26228
1.8557,0.26214
1.8564,0.26231
1.8571,0.26241
1.8577,0.26194
1.8584,0.26153
1.8591,0.26191
1.8597,0.26246
1.8604,0.26251
1.8611,0.26224
1.8617,0.26177
1.8624,0.26140
1.8631,0.26145
1.8637,0.26150
1.8644,0.26132
1.8651,0.26123
1.8657,0.26127
1.8664,0.26128
1.8671,0.26118
1.8678,0.26087
1.8684,0.26054
1.8691,0.26053
1.8698,0.26080
1.8705,0.26109
1.8711,0.26115
1.8718,0.26082
1.8725,0.26051
1.8732,0.26069
1.8738,0.26090
1.8745,0.26062
1.8752,0.26025
1.8759,0.26022
1.8766,0.26026
1.8772,0.26010
1.8779,0.25981
1.8786,0.25970
1.8793,0.26004
1.8800,0.26042
1.8806,0.26029
1.8813,0.25996
1.8820,0.25980
1.8827,0.25971
1.8834,0.25980
1.8841,0.26013
1.8847,0.26035
1.8854,0.26021
1.8861,0.25988
1.8868,0.25982
1.8875,0.26008
1.8882,0.25995
1.8889,0.25926
1.8895,0.25878
1.8902,0.25886
1.8909,0.25899
1.8916,0.25892
1.8923,0.25887
1.8930,0.25896
1.8937,0.25898
1.8944,0.25877
1.8951,0.25856
1.8958,0.25857
1.8965,0.25867
1.8971,0.25889
1.8978,0.25917
1.8985,0.25919
1.8992,0.25909
1.8999,0.25894
1.9006,0.25851
1.9013,0.25820
1.9020,0.25868
1.9027,0.25936
1.9034,0.25920
1.9041,0.25856
1.9048,0.25830
1.9055,0.25834
1.9062,0.25821
1.9069,0.25801
1.9076,0.25796
1.9083,0.25795
1.9090,0.25778
1.9097,0.25749
1.9104,0.25739
1.9111,0.25741
1.9118,0.25734
1.9125,0.25738
1.9133,0.25747
1.9140,0.25732
1.9147,0.25721
1.9154,0.25734
1.9161,0.25744
1.9168,0.25735
1.9175,0.25705
1.9182,0.25663
1.9189,0.25633
1.9196,0.25631
1.9203,0.25657
1.9210,0.25667
1.9218,0.25653
1.9225,0.25661
1.9232,0.25683
1.9239,0.25674
1.9246,0.25661
1.9253,0.25683
1.9260,0.25704
1.9268,0.25692
1.9275,0.25680
1.9282,0.25676
1.9289,0.25651
1.9296,0.25623
1.9303,0.25612
1.9311,0.25599
1.9318,0.25589
1.9325,0.25606
1.9332,0.25618
1.9339,0.25599
1.9347,0.25571
1.9354,0.25527
1.9361,0.25473
1.9368,0.25465
1.9376,0.25493
1.9383,0.25502
1.9390,0.25498
1.9397,0.25493
1.9405,0.25480
1.9412,0.25490
1.9419,0.25525
1.9426,0.25529
1.9434,0.25505
1.9441,0.25497
1.9448,0.25489
1.9456,0.25461
1.9463,0.25418
1.9470,0.25363
1.9477,0.25323
1.9485,0.25334
1.9492,0.25373
1.9499,0.25390
1.9507,0.25398
1.9514,0.25413
1.9521,0.25407
1.9529,0.25389
1.9536,0.25394
1.9544,0.25409
1.9551,0.25416
1.9558,0.25390
1.9566,0.25327
1.9573,0.25287
1.9580,0.25296
1.9588,0.25305
1.9595,0.25308
1.9603,0.25333
1.9610,0.25357
1.9618,0.25353
1.9625,0.25332
1.9632,0.25313
1.9640,0.25292
1.9647,0.25260
1.9655,0.25242
1.9662,0.25245
1.9670,0.25229
1.9677,0.25198
1.9685,0.25185
1.9692,0.25191
1.9700,0.25212
1.9707,0.25231
1.9714,0.25228
1.9722,0.25222
1.9729,0.25212
1.9737,0.25180
1.9745,0.25156
1.9752,0.25165
1.9760,0.25181
1.9767,0.25178
1.9775,0.25166
1.9782,0.25169
1.9790,0.25177
1.9797,0.25173
1.9805,0.25158
1.9812,0.25139
1.9820,0.25132
1.9828,0.25133
1.9835,0.25118
1.9843,0.25087
1.9850,0.25065
1.9858,0.25064
1.9866,0.25080
1.9873,0.25092
1.9881,0.25080
1.9888,0.25054
1.9896,0.25035
1.9904,0.25022
1.9911,0.25015
1.9919,0.25018
1.9927,0.25011
1.9934,0.24982
1.9942,0.24961
1.9950,0.24984
1.9957,0.25026
1.9965,0.25034
1.9973,0.25017
1.9980,0.25001
1.9988,0.24976
1.9996,0.24957
2.0004,0.24978
2.0011,0.25020
2.0019,0.25031
2.0027,0.24994
2.0034,0.24954
2.0042,0.24944
2.0050,0.24957
2.0058,0.24963
2.0065,0.24958
2.0073,0.24955
2.0081,0.24939
2.0089,0.24904
2.0097,0.24886
2.0104,0.24900
2.0112,0.24909
2.0120,0.24893
2.0128,0.24875
2.0136,0.24867
2.0143,0.24865
2.0151,0.24878
2.0159,0.24904
2.0167,0.24917
2.0175,0.24900
2.0183,0.24876
2.0190,0.24875
2.0198,0.24891
2.0206,0.24892
2.0214,0.24878
2.0222,0.24866
2.0230,0.24854
2.0238,0.24837
2.0246,0.24828
2.0254,0.24828
2.0261,0.24829
2.0269,0.24831
2.0277,0.24825
2.0285,0.24805
2.0293,0.24784
2.0301,0.24768
2.0309,0.24753
2.0317,0.24735
2.0325,0.24724
2.0333,0.24736
2.0341,0.24750
2.0349,0.24748
2.0357,0.24740
2.0365,0.24744
2.0373,0.24757
2.0381,0.24744
2.0389,0.24710
2.0397,0.24710
2.0405,0.24740
2.0413,0.24741
2.0421,0.24712
2.0429,0.24683
2.0437,0.24664
2.0445,0.24655
2.0453,0.24645
2.0461,0.24631
2.0469,0.24626
2.0478,0.24638
2.0486,0.24657
2.0494,0.24669
2.0502,0.24665
2.0510,0.24653
2.0518,0.24650
2.0526,0.24647
2.0534,0.24620
2.0542,0.24579
2.0551,0.24556
2.0559,0.24549
2.0567,0.24538
2.0575,0.24526
2.0583,0.24538
2.0591,0.24556
2.0600,0.24558
2.0608,0.24549
2.0616,0.24536
2.0624,0.24528
2.0632,0.24517
2.0641,0.24498
2.0649,0.24481
2.0657,0.24475
2.0665,0.24468
2.0673,0.24466
2.0682,0.24487
2.0690,0.24501
2.0698,0.24477
2.0707,0.24448
2.0715,0.24431
2.0723,0.24420
2.0731,0.24416
2.0740,0.24413
2.0748,0.24414
2.0756,0.24415
2.0765,0.24404
2.0773,0.24394
2.0781,0.24398
2.0790,0.24400
2.0798,0.24395
2.0806,0.24399
2.0815,0.24402
2.0823,0.24391
2.0831,0.24392
2.0840,0.24408
2.0848,0.24402
2.0856,0.24372
2.0865,0.24350
2.0873,0.24348
2.0882,0.24356
2.0890,0.24351
2.0898,0.24330
2.0907,0.24314
2.0915,0.24306
2.0924,0.24303
2.0932,0.24301
2.0941,0.24289
2.0949,0.24269
2.0958,0.24258
2.0966,0.24255
2.0975,0.24249
2.0983,0.24243
2.0992,0.24250
2.1000,0.24260
2.1009,0.24252
2.1017,0.24237
2.1026,0.24232
2.1034,0.24227
2.1043,0.24212
2.1051,0.24201
2.1060,0.24201
2.1068,0.24201
2.1077,0.24205
2.1085,0.24205
2.1094,0.24188
2.1103,0.24172
2.1111,0.24176
2.1120,0.24179
2.1128,0.24166
2.1137,0.24154
2.1146,0.24152
2.1154,0.24153
2.1163,0.24155
2.1172,0.24149
2.1180,0.24136
2.1189,0.24129
2.1198,0.24136
2.1206,0.24138
2.1215,0.24122
2.1224,0.24108
2.1232,0.24102
2.1241,0.24091
2.1250,0.24086
2.1258,0.24089
2.1267,0.24071
2.1276,0.24046
2.1285,0.24044
2.1293,0.24044
2.1302,0.24030
2.1311,0.24017
2.1320,0.24011
2.1328,0.23996
2.1337,0.23976
2.1346,0.23973
2.1355,0.23985
2.1363,0.24001
2.1372,0.24005
2.1381,0.23990
2.1390,0.23970
2.1399,0.23956
2.1408,0.23936
2.1416,0.23915
2.1425,0.23909
2.1434,0.23911
2.1443,0.23924
2.1452,0.23942
2.1461,0.23939
2.1470,0.23925
2.1478,0.23929
2.1487,0.23934
2.1496,0.23916
2.1505,0.23888
2.1514,0.23874
2.1523,0.23864
2.1532,0.23850
2.1541,0.23853
2.1550,0.23879
2.1559,0.23904
2.1568,0.23913
2.1577,0.23891
2.1586,0.23844
2.1595,0.23814
2.1604,0.23806
2.1613,0.23788
2.1622,0.23775
2.1631,0.23781
2.1640,0.23784
2.1649,0.23775
2.1658,0.23760
2.1667,0.23751
2.1676,0.23742
2.1685,0.23739
2.1694,0.23750
2.1703,0.23748
2.1712,0.23719
2.1721,0.23680
2.1731,0.23639
2.1740,0.23618
2.1749,0.23634
2.1758,0.23667
2.1767,0.23681
2.1776,0.23669
2.1785,0.23641
2.1794,0.23617
2.1804,0.23610
2.1813,0.23604
2.1822,0.23590
2.1831,0.23576
2.1840,0.23569
2.1850,0.23572
2.1859,0.23583
2.1868,0.23584
2.1877,0.23574
2.1886,0.23569
2.1896,0.23570
2.1905,0.23567
2.1914,0.23564
2.1924,0.23571
2.1933,0.23570
2.1942,0.23542
2.1951,0.23513
2.1961,0.23510
2.1970,0.23517
2.1979,0.23514
2.1989,0.23510
2.1998,0.23507
2.2007,0.23502
2.2017,0.23491
2.2026,0.23474
2.2035,0.23466
2.2045,0.23479
2.2054,0.23487
2.2063,0.23468
2.2073,0.23439
2.2082,0.23427
2.2092,0.23432
2.2101,0.23439
2.2110,0.23441
2.2120,0.23435
2.2129,0.23426
2.2139,0.23416
2.2148,0.23410
2.2158,0.23408
2.2167,0.23398
2.2177,0.23372
2.2186,0.23349
2.2196,0.23338
2.2205,0.23336
2.2215,0.23342
2.2224,0.23340
2.2234,0.23327
2.2243,0.23333
2.2253,0.23356
2.2262,0.23363
2.2272,0.23348
2.2282,0.23330
2.2291,0.23316
2.2301,0.23305
2.2310,0.23309
2.2320,0.23329
2.2329,0.23339
2.2339,0.23321
2.2349,0.23289
2.2358,0.23260
2.2368,0.23251
2.2378,0.23272
2.2387,0.23294
2.2397,0.23285
2.2407,0.23265
2.2416,0.23259
2.2426,0.23256
2.2436,0.23247
2.2445,0.23246
2.2455,0.23248
2.2465,0.23237
2.2475,0.23217
2.2484,0.23191
2.2494,0.23168
2.2504,0.23161
2.2514,0.23159
2.2523,0.23158
2.2533,0.23158
2.2543,0.23158
2.2553,0.23156
2.2563,0.23153
2.2573,0.23145
2.2582,0.23128
2.2592,0.23110
2.2602,0.23100
2.2612,0.23098
2.2622,0.23092
2.2632,0.23081
2.2642,0.23083
2.2651,0.23084
2.2661,0.23068
2.2671,0.23055
2.2681,0.23049
2.2691,0.23036
2.2701,0.23021
2.2711,0.23017
2.2721,0.23024
2.2731,0.23021
2.2741,0.23001
2.2751,0.22977
2.2761,0.22964
2.2771,0.22963
2.2781,0.22966
2.2791,0.22965
2.2801,0.22962
2.2811,0.22945
2.2821,0.22922
2.2831,0.22922
2.2841,0.22933
2.2851,0.22927
2.2861,0.22918
2.2871,0.22918
2.2881,0.22910
2.2891,0.22896
2.2902,0.22894
2.2912,0.22895
2.2922,0.22878
2.2932,0.22854
2.2942,0.22836
2.2952,0.22827
2.2962,0.22836
2.2973,0.22852
2.2983,0.22847
2.2993,0.22829
2.3003,0.22823
2.3013,0.22825
2.3024,0.22828
2.3034,0.22838
2.3044,0.22842
2.3054,0.22831
2.3065,0.22821
2.3075,0.22825
2.3085,0.22828
2.3095,0.22818
2.3106,0.22798
2.3116,0.22782
2.3126,0.22778
2.3137,0.22773
2.3147,0.22760
2.3157,0.22746
2.3168,0.22737
2.3178,0.22728
2.3188,0.22717
2.3199,0.22717
2.3209,0.22725
2.3219,0.22722
2.3230,0.22715
2.3240,0.22715
2.3251,0.22714
2.3261,0.22712
2.3272,0.22709
2.3282,0.22697
2.3292,0.22678
2.3303,0.22661
2.3313,0.22645
2.3324,0.22635
2.3334,0.22632
2.3345,0.22636
2.3355,0.22643
2.3366,0.22641
2.3377,0.22628
2.3387,0.22622
2.3398,0.22622
2.3408,0.22622
2.3419,0.22615
2.3429,0.22602
2.3440,0.22589
2.3451,0.22579
2.3461,0.22576
2.3472,0.22583
2.3482,0.22591
2.3493,0.22590
2.3504,0.22575
2.3514,0.22561
2.3525,0.22552
2.3536,0.22541
2.3546,0.22525
2.3557,0.22509
2.3568,0.22493
2.3578,0.22486
2.3589,0.22494
2.3600,0.22502
2.3611,0.22492
2.3621,0.22481
2.3632,0.22477
2.3643,0.22467
2.3654,0.22460
2.3665,0.22460
2.3675,0.22451
2.3686,0.22437
2.3697,0.22434
2.3708,0.22434
2.3719,0.22420
2.3730,0.22401
2.3740,0.22389
2.3751,0.22383
2.3762,0.22373
2.3773,0.22367
2.3784,0.22370
2.3795,0.22370
2.3806,0.22364
2.3817,0.22353
2.3828,0.22346
2.3839,0.22355
2.3850,0.22358
2.3861,0.22335
2.3872,0.22316
2.3883,0.22320
2.3894,0.22323
2.3905,0.22310
2.3916,0.22287
2.3927,0.22259
2.3938,0.22249
2.3949,0.22268
2.3960,0.22283
2.3971,0.22272
2.3982,0.22248
2.3993,0.22231
2.4004,0.22232
2.4015,0.22243
2.4026,0.22243
2.4038,0.22231
2.4049,0.22224
2.4060,0.22219
2.4071,0.22212
2.4082,0.22212
2.4093,0.22211
2.4105,0.22204
2.4116,0.22194
2.4127,0.22184
2.4138,0.22176
2.4150,0.22171
2.4161,0.22172
2.4172,0.22175
2.4183,0.22175
2.4195,0.22162
2.4206,0.22146
2.4217,0.22139
2.4229,0.22132
2.4240,0.22119
2.4251,0.22108
2.4263,0.22102
2.4274,0.22100
2.4285,0.22092
2.4297,0.22075
2.4308,0.22062
2.4319,0.22071
2.4331,0.22089
2.4342,0.22087
2.4354,0.22072
2.4365,0.22071
2.4377,0.22073
2.4388,0.22058
2.4400,0.22024
2.4411,0.21989
2.4423,0.21976
2.4434,0.21982
2.4446,0.21998
2.4457,0.22005
2.4469,0.21989
2.4480,0.21966
2.4492,0.21959
2.4503,0.21968
2.4515,0.21974
2.4527,0.21962
2.4538,0.21943
2.4550,0.21940
2.4561,0.21947
2.4573,0.21947
2.4585,0.21935
2.4596,0.21920
2.4608,0.21909
2.4620,0.21911
2.4631,0.21919
2.4643,0.21919
2.4655,0.21910
2.4667,0.21898
2.4678,0.21887
2.4690,0.21877
2.4702,0.21858
2.4714,0.21828
2.4725,0.21805
2.4737,0.21798
2.4749,0.21809
2.4761,0.21828
2.4773,0.21835
2.4784,0.21827
2.4796,0.21812
2.4808,0.21803
2.4820,0.21807
2.4832,0.21809
2.4844,0.21806
2.4856,0.21807
2.4868,0.21804
2.4880,0.21792
2.4892,0.21775
2.4904,0.21762
2.4915,0.21757
2.4927,0.21752
2.4939,0.21749
2.4951,0.21750
2.4963,0.21750
2.4975,0.21750
2.4988,0.21753
2.5000,0.21752
2.5012,0.21750
2.5024,0.21748
2.5036,0.21735
2.5048,0.21710
2.5060,0.21691
2.5072,0.21692
2.5084,0.21705
2.5096,0.21704
2.5109,0.21697
2.5121,0.21695
2.5133,0.21680
2.5145,0.21648
2.5157,0.21633
2.5169,0.21637
2.5182,0.21626
2.5194,0.21595
2.5206,0.21576
2.5218,0.21576
2.5231,0.21577
2.5243,0.21572
2.5255,0.21565
2.5268,0.21564
2.5280,0.21571
2.5292,0.21578
2.5305,0.21575
2.5317,0.21559
2.5329,0.21541
2.5342,0.21525
2.5354,0.21510
2.5366,0.21497
2.5379,0.21486
2.5391,0.21480
2.5404,0.21479
2.5416,0.21480
2.5429,0.21476
2.5441,0.21462
2.5454,0.21455
2.5466,0.21462
2.5479,0.21467
2.5491,0.21455
2.5504,0.21440
2.5516,0.21437
2.5529,0.21439
2.5541,0.21435
2.5554,0.21421
2.5567,0.21401
2.5579,0.21386
2.5592,0.21392
2.5604,0.21407
2.5617,0.21407
2.5630,0.21398
2.5642,0.21390
2.5655,0.21367
2.5668,0.21341
2.5681,0.21343
2.5693,0.21360
2.5706,0.21354
2.5719,0.21339
2.5732,0.21334
2.5744,0.21324
2.5757,0.21314
2.5770,0.21311
2.5783,0.21298
2.5796,0.21275
2.5808,0.21268
2.5821,0.21278
2.5834,0.21284
2.5847,0.21281
2.5860,0.21278
2.5873,0.21282
2.5886,0.21289
2.5899,0.21280
2.5912,0.21245
2.5925,0.21217
2.5938,0.21217
2.5950,0.21216
2.5963,0.21198
2.5977,0.21184
2.5990,0.21185
2.6003,0.21185
2.6016,0.21168
2.6029,0.21150
2.6042,0.21148
2.6055,0.21156
2.6068,0.21157
2.6081,0.21152
2.6094,0.21142
2.6107,0.21126
2.6120,0.21116
2.6134,0.21116
2.6147,0.21113
2.6160,0.21101
2.6173,0.21093
2.6186,0.21095
2.6200,0.21098
2.6213,0.21092
2.6226,0.21084
2.6239,0.21080
2.6253,0.21076
2.6266,0.21064
2.6279,0.21047
2.6293,0.21035
2.6306,0.21024
2.6319,0.21009
2.6333,0.21000
2.6346,0.21009
2.6359,0.21022
2.6373,0.21024
2.6386,0.21028
2.6400,0.21036
2.6413,0.21028
2.6427,0.21005
2.6440,0.20999
2.6454,0.21015
2.6467,0.21015
2.6481,0.20983
2.6494,0.20949
2.6508,0.20939
2.6521,0.20950
2.6535,0.20954
2.6548,0.20942
2.6562,0.20929
2.6576,0.20920
2.6589,0.20909
2.6603,0.20897
2.6617,0.20884
2.6630,0.20875
2.6644,0.20879
2.6658,0.20892
2.6671,0.20894
2.6685,0.20884
2.6699,0.20873
2.6713,0.20854
2.6726,0.20830
2.6740,0.20825
2.6754,0.20837
2.6768,0.20843
2.6782,0.20837
2.6795,0.20825
2.6809,0.20808
2.6823,0.20791
2.6837,0.20771
2.6851,0.20749
2.6865,0.20735
2.6879,0.20728
2.6893,0.20716
2.6907,0.20710
2.6921,0.20718
2.6935,0.20720
2.6949,0.20705
2.6963,0.20688
2.6977,0.20670
2.6991,0.20649
2.7005,0.20631
2.7019,0.20617
2.7033,0.20609
2.7047,0.20604
2.7061,0.20599
2.7075,0.20597
2.7089,0.20599
2.7104,0.20599
2.7118,0.20600
2.7132,0.20595
2.7146,0.20575
2.7160,0.20555
2.7175,0.20548
2.7189,0.20548
2.7203,0.20549
2.7217,0.20545
2.7232,0.20530
2.7246,0.20512
2.7260,0.20499
2.7275,0.20487
2.7289,0.20479
2.7303,0.20474
2.7318,0.20462
2.7332,0.20441
2.7347,0.20425
2.7361,0.20417
2.7375,0.20418
2.7390,0.20414
2.7404,0.20391
2.7419,0.20360
2.7433,0.20336
2.7448,0.20316
2.7462,0.20288
2.7477,0.20251
2.7492,0.20219
2.7506,0.20201
2.7521,0.20189
2.7535,0.20183
2.7550,0.20176
2.7565,0.20148
2.7579,0.20114
2.7594,0.20090
2.7609,0.20065
2.7623,0.20039
2.7638,0.20014
2.7653,0.19986
2.7668,0.19952
2.7682,0.19914
2.7697,0.19887
2.7712,0.19876
2.7727,0.19865
2.7742,0.19845
2.7756,0.19817
2.7771,0.19789
2.7786,0.19763
2.7801,0.19732
2.7816,0.19701
2.7831,0.19679
2.7846,0.19672
2.7861,0.19670
2.7876,0.19651
2.7891,0.19616
2.7906,0.19593
2.7921,0.19583
2.7936,0.19570
2.7951,0.19547
2.7966,0.19521
2.7981,0.19497
2.7996,0.19480
2.8011,0.19470
2.8027,0.19460
2.8042,0.19445
2.8057,0.19431
2.8072,0.19415
2.8087,0.19397
2.8102,0.19374
2.8118,0.19347
2.8133,0.19322
2.8148,0.19303
2.8164,0.19284
2.8179,0.19260
2.8194,0.19227
2.8210,0.19199
2.8225,0.19189
2.8240,0.19177
2.8256,0.19154
2.8271,0.19138
2.8286,0.19129
2.8302,0.19106
2.8317,0.19064
2.8333,0.19031
2.8348,0.19021
2.8364,0.19019
2.8379,0.19008
2.8395,0.18991
2.8410,0.18972
2.8426,0.18946
2.8442,0.18914
2.8457,0.18895
2.8473,0.18895
2.8489,0.18895
2.8504,0.18880
2.8520,0.18852
2.8536,0.18824
2.8551,0.18810
2.8567,0.18798
2.8583,0.18776
2.8599,0.18743
2.8614,0.18718
2.8630,0.18706
2.8646,0.18689
2.8662,0.18661
2.8678,0.18637
2.8693,0.18624
2.8709,0.18612
2.8725,0.18592
2.8741,0.18573
2.8757,0.18561
2.8773,0.18552
2.8789,0.18538
2.8805,0.18518
2.8821,0.18487
2.8837,0.18451
2.8853,0.18429
2.8869,0.18422
2.8885,0.18422
2.8901,0.18415
2.8918,0.18401
2.8934,0.18383
2.8950,0.18357
2.8966,0.18337
2.8982,0.18334
2.8998,0.18327
2.9015,0.18309
2.9031,0.18298
2.9047,0.18291
2.9063,0.18275
2.9080,0.18256
2.9096,0.18239
2.9112,0.18229
2.9129,0.18227
2.9145,0.18228
2.9161,0.18222
2.9178,0.18212
2.9194,0.18206
2.9211,0.18202
2.9227,0.18194
2.9244,0.18185
2.9260,0.18184
2.9277,0.18178
2.9293,0.18155
2.9310,0.18135
2.9326,0.18128
2.9343,0.18126
2.9360,0.18131
2.9376,0.18135
2.9393,0.18129
2.9410,0.18121
2.9426,0.18116
2.9443,0.18106
2.9460,0.18094
2.9476,0.18087
2.9493,0.18086
2.9510,0.18087
2.9527,0.18083
2.9544,0.18075
2.9560,0.18078
2.9577,0.18079
2.9594,0.18057
2.9611,0.18026
2.9628,0.18020
2.9645,0.18030
2.9662,0.18031
2.9679,0.18031
2.9696,0.18036
2.9713,0.18036
2.9730,0.18031
2.9747,0.18030
2.9764,0.18037
2.9781,0.18039
2.9798,0.18026
2.9815,0.18008
2.9833,0.18000
2.9850,0.18010
2.9867,0.18025
2.9884,0.18029
2.9901,0.18021
2.9919,0.18009
2.9936,0.18004
2.9953,0.18007
2.9971,0.18012
2.9988,0.18012
3.0005,0.18007
3.0023,0.18003
3.0040,0.18004
3.0057,0.18011
3.0075,0.18011
3.0092,0.17998
3.0110,0.17981
3.0127,0.17964
3.0145,0.17951
3.0162,0.17953
3.0180,0.17966
3.0197,0.17977
3.0215,0.17981
3.0233,0.17977
3.0250,0.17965
3.0268,0.17953
3.0286,0.17951
3.0303,0.17949
3.0321,0.17937
3.0339,0.17929
3.0357,0.17931
3.0374,0.17934
3.0392,0.17939
3.0410,0.17945
3.0428,0.17945
3.0446,0.17939
3.0464,0.17931
3.0482,0.17920
3.0499,0.17905
3.0517,0.17895
3.0535,0.17894
3.0553,0.17894
3.0571,0.17889
3.0589,0.17887
3.0607,0.17881
3.0626,0.17871
3.0644,0.17865
3.0662,0.17858
3.0680,0.17849
3.0698,0.17840
3.0716,0.17832
3.0734,0.17828
3.0753,0.17835
3.0771,0.17841
3.0789,0.17837
3.0808,0.17824
3.0826,0.17810
3.0844,0.17802
3.0863,0.17805
3.0881,0.17806
3.0899,0.17799
3.0918,0.17800
3.0936,0.17807
3.0955,0.17806
3.0973,0.17800
3.0992,0.17793
3.1010,0.17786
3.1029,0.17783
3.1047,0.17783
3.1066,0.17787
3.1085,0.17793
3.1103,0.17792
3.1122,0.17786
3.1141,0.17780
3.1159,0.17775
3.1178,0.17774
3.1197,0.17781
3.1216,0.17786
3.1234,0.17786
3.1253,0.17793
3.1272,0.17801
3.1291,0.17793
3.1310,0.17785
3.1329,0.17786
3.1348,0.17783
3.1367,0.17782
3.1386,0.17790
3.1405,0.17788
3.1424,0.17776
3.1443,0.17773
3.1462,0.17776
3.1481,0.17764
3.1500,0.17748
3.1519,0.17750
3.1538,0.17760
3.1558,0.17770
3.1577,0.17777
3.1596,0.17765
3.1615,0.17738
3.1635,0.17724
3.1654,0.17733
3.1673,0.17744
3.1693,0.17738
3.1712,0.17729
3.1731,0.17730
3.1751,0.17738
3.1770,0.17743
3.1790,0.17741
3.1809,0.17735
3.1829,0.17726
3.1848,0.17722
3.1868,0.17724
3.1888,0.17722
3.1907,0.17722
3.1927,0.17720
3.1946,0.17703
3.1966,0.17688
3.1986,0.17694
3.2006,0.17703
3.2025,0.17704
3.2045,0.17710
3.2065,0.17717
3.2085,0.17712
3.2105,0.17700
3.2125,0.17695
3.2145,0.17703
3.2164,0.17711
3.2184,0.17706
3.2204,0.17698
3.2224,0.17702
3.2244,0.17715
3.2265,0.17724
3.2285,0.17727
3.2305,0.17731
3.2325,0.17732
3.2345,0.17721
3.2365,0.17709
3.2385,0.17711
3.2406,0.17718
3.2426,0.17715
3.2446,0.17706
3.2467,0.17695
3.2487,0.17681
3.2507,0.17669
3.2528,0.17662
3.2548,0.17659
3.2569,0.17664
3.2589,0.17678
3.2609,0.17681
3.2630,0.17666
3.2651,0.17648
3.2671,0.17644
3.2692,0.17651
3.2712,0.17653
3.2733,0.17643
3.2754,0.17629
3.2774,0.17616
3.2795,0.17604
3.2816,0.17596
3.2837,0.17592
3.2857,0.17592
3.2878,0.17595
3.2899,0.17591
3.2920,0.17576
3.2941,0.17560
3.2962,0.17549
3.2983,0.17546
3.3004,0.17553
3.3025,0.17553
3.3046,0.17544
3.3067,0.17545
3.3088,0.17545
3.3109,0.17533
3.3130,0.17527
3.3152,0.17532
3.3173,0.17538
3.3194,0.17543
3.3215,0.17539
3.3237,0.17522
3.3258,0.17511
3.3279,0.17509
3.3301,0.17503
3.3322,0.17492
3.3343,0.17483
3.3365,0.17479
3.3386,0.17473
3.3408,0.17459
3.3429,0.17438
3.3451,0.17417
3.3473,0.17401
3.3494,0.17383
3.3516,0.17362
3.3538,0.17341
3.3559,0.17320
3.3581,0.17294
3.3603,0.17266
3.3625,0.17234
3.3646,0.17195
3.3668,0.17162
3.3690,0.17135
3.3712,0.17109
3.3734,0.17087
3.3756,0.17076
3.3778,0.17078
3.3800,0.17089
3.3822,0.17099
3.3844,0.17108
3.3866,0.17118
3.3888,0.17120
3.3910,0.17108
3.3933,0.17088
3.3955,0.17062
3.3977,0.17029
3.3999,0.16997
3.4022,0.16971
3.4044,0.16946
3.4066,0.16918
3.4089,0.16887
3.4111,0.16864
3.4134,0.16854
3.4156,0.16858
3.4179,0.16874
3.4201,0.16901
3.4224,0.16934
3.4246,0.16965
3.4269,0.16992
3.4292,0.17016
3.4314,0.17032
3.4337,0.17045
3.4360,0.17062
3.4383,0.17074
3.4406,0.17079
3.4428,0.17087
3.4451,0.17091
3.4474,0.17083
3.4497,0.17080
3.4520,0.17094
3.4543,0.17109
3.4566,0.17117
3.4589,0.17119
3.4612,0.17111
3.4635,0.17095
3.4658,0.17083
3.4682,0.17075
3.4705,0.17060
3.4728,0.17040
3.4751,0.17029
3.4775,0.17026
3.4798,0.17023
3.4821,0.17009
3.4845,0.16987
3.4868,0.16965
3.4892,0.16942
3.4915,0.16914
3.4939,0.16887
3.4962,0.16872
3.4986,0.16868
3.5010,0.16864
3.5033,0.16867
3.5057,0.16894
3.5081,0.16935
3.5104,0.16969
3.5128,0.16989
3.5152,0.17007
3.5176,0.17025
3.5200,0.17036
3.5224,0.17042
3.5248,0.17049
3.5271,0.17051
3.5296,0.17048
3.5320,0.17053
3.5344,0.17064
3.5368,0.17070
3.5392,0.17067
3.5416,0.17061
3.5440,0.17060
3.5464,0.17063
3.5489,0.17073
3.5513,0.17085
3.5537,0.17090
3.5562,0.17086
3.5586,0.17082
3.5611,0.17085
3.5635,0.17088
3.5660,0.17092
3.5684,0.17099
3.5709,0.17097
3.5733,0.17084
3.5758,0.17076
3.5783,0.17077
3.5807,0.17086
3.5832,0.17100
3.5857,0.17103
3.5882,0.17095
3.5907,0.17088
3.5931,0.17083
3.5956,0.17080
3.5981,0.17079
3.6006,0.17073
3.6031,0.17061
3.6056,0.17053
3.6081,0.17057
3.6107,0.17059
3.6132,0.17054
3.6157,0.17052
3.6182,0.17055
3.6207,0.17050
3.6233,0.17040
3.6258,0.17030
3.6283,0.17025
3.6309,0.17022
3.6334,0.17015
3.6360,0.17006
3.6385,0.16997
3.6411,0.16993
3.6436,0.16992
3.6462,0.16989
3.6488,0.16985
3.6513,0.16978
3.6539,0.16965
3.6565,0.16950
3.6591,0.16935
3.6617,0.16916
3.6642,0.16898
3.6668,0.16887
3.6694,0.16882
3.6720,0.16879
3.6746,0.16872
3.6772,0.16854
3.6799,0.16835
3.6825,0.16834
3.6851,0.16845
3.6877,0.16848
3.6903,0.16841
3.6930,0.16834
3.6956,0.16828
3.6982,0.16821
3.7009,0.16814
3.7035,0.16813
3.7062,0.16818
3.7088,0.16817
3.7115,0.16810
3.7141,0.16802
3.7168,0.16795
3.7194,0.16789
3.7221,0.16789
3.7248,0.16795
3.7275,0.16797
3.7302,0.16794
3.7328,0.16788
3.7355,0.16780
3.7382,0.16778
3.7409,0.16782
3.7436,0.16779
3.7463,0.16768
3.7490,0.16762
3.7517,0.16763
3.7545,0.16764
3.7572,0.16765
3.7599,0.16764
3.7626,0.16759
3.7654,0.16748
3.7681,0.16732
3.7708,0.16724
3.7736,0.16726
3.7763,0.16721
3.7791,0.16712
3.7818,0.16707
3.7846,0.16702
3.7874,0.16696
3.7901,0.16693
3.7929,0.16693
3.7957,0.16683
3.7985,0.16668
3.8013,0.16662
3.8040,0.16664
3.8068,0.16664
3.8096,0.16657
3.8124,0.16647
3.8152,0.16639
3.8180,0.16636
3.8209,0.16635
3.8237,0.16630
3.8265,0.16617
3.8293,0.16605
3.8322,0.16598
3.8350,0.16593
3.8378,0.16583
3.8407,0.16569
3.8435,0.16557
3.8464,0.16550
3.8492,0.16543
3.8521,0.16536
3.8550,0.16531
3.8578,0.16522
3.8607,0.16507
3.8636,0.16496
3.8665,0.16493
3.8693,0.16500
3.8722,0.16502
3.8751,0.16499
3.8780,0.16499
3.8809,0.16496
3.8838,0.16486
3.8867,0.16480
3.8897,0.16480
3.8926,0.16476
3.8955,0.16466
3.8984,0.16457
3.9014,0.16455
3.9043,0.16457
3.9072,0.16457
3.9102,0.16448
3.9131,0.16433
3.9161,0.16419
3.9191,0.16412
3.9220,0.16410
3.9250,0.16405
3.9280,0.16398
3.9309,0.16396
3.9339,0.16396
3.9369,0.16386
3.9399,0.16371
3.9429,0.16359
3.9459,0.16348
3.9489,0.16343
3.9519,0.16345
3.9549,0.16344
3.9579,0.16337
3.9610,0.16328
3.9640,0.16322
3.9670,0.16314
3.9701,0.16304
3.9731,0.16295
3.9762,0.16292
3.9792,0.16291
3.9823,0.16287
3.9853,0.16277
3.9884,0.16262
3.9915,0.16244
3.9945,0.16231
3.9976,0.16229
4.0007,0.16229
4.0038,0.16225
4.0069,0.16215
4.0100,0.16195
4.0131,0.16174
4.0162,0.16162
4.0193,0.16162
4.0224,0.16166
4.0256,0.16166
4.0287,0.16159
4.0318,0.16149
4.0349,0.16143
4.0381,0.16144
4.0412,0.16142
4.0444,0.16133
4.0475,0.16124
4.0507,0.16116
4.0539,0.16105
4.0570,0.16095
4.0602,0.16092
4.0634,0.16091
4.0666,0.16085
4.0698,0.16078
4.0730,0.16072
4.0762,0.16063
4.0794,0.16054
4.0826,0.16049
4.0858,0.16043
4.0890,0.16033
4.0923,0.16023
4.0955,0.16008
4.0987,0.15990
4.1020,0.15981
4.1052,0.15984
4.1085,0.15986
4.1117,0.15980
4.1150,0.15971
4.1183,0.15962
4.1215,0.15955
4.1248,0.15954
4.1281,0.15953
4.1314,0.15947
4.1347,0.15942
4.1380,0.15943
4.1413,0.15942
4.1446,0.15926
4.1479,0.15893
4.1512,0.15864
4.1546,0.15859
4.1579,0.15860
4.1612,0.15847
4.1646,0.15829
4.1679,0.15817
4.1713,0.15814
4.1746,0.15814
4.1780,0.15805
4.1814,0.15793
4.1848,0.15784
4.1881,0.15774
4.1915,0.15768
4.1949,0.15769
4.1983,0.15771
4.2017,0.15766
4.2051,0.15753
4.2085,0.15741
4.2119,0.15737
4.2154,0.15741
4.2188,0.15742
4.2222,0.15735
4.2257,0.15728
4.2291,0.15725
4.2326,0.15718
4.2360,0.15702
4.2395,0.15686
4.2430,0.15676
4.2464,0.15665
4.2499,0.15651
4.2534,0.15639
4.2569,0.15630
4.2604,0.15619
4.2639,0.15609
4.2674,0.15601
4.2709,0.15593
4.2745,0.15586
4.2780,0.15577
4.2815,0.15563
4.2850,0.15549
4.2886,0.15539
4.2921,0.15536
4.2957,0.15533
4.2993,0.15525
4.3028,0.15515
4.3064,0.15507
4.3100,0.15504
4.3136,0.15502
4.3172,0.15498
4.3208,0.15494
4.3244,0.15488
4.3280,0.15480
4.3316,0.15478
4.3352,0.15479
4.3388,0.15473
4.3425,0.15463
4.3461,0.15454
4.3498,0.15449
4.3534,0.15444
4.3571,0.15433
4.3607,0.15415
4.3644,0.15403
4.3681,0.15399
4.3718,0.15391
4.3755,0.15375
4.3791,0.15349
4.3828,0.15324
4.3866,0.15312
4.3903,0.15304
4.3940,0.15286
4.3977,0.15264
4.4015,0.15247
4.4052,0.15230
4.4089,0.15213
4.4127,0.15203
4.4164,0.15197
4.4202,0.15188
4.4240,0.15174
4.4278,0.15160
4.4315,0.15144
4.4353,0.15122
4.4391,0.15101
4.4429,0.15085
4.4467,0.15077
4.4506,0.15075
4.4544,0.15073
4.4582,0.15068
4.4621,0.15061
4.4659,0.15053
4.4697,0.15045
4.4736,0.15040
4.4775,0.15036
4.4813,0.15029
4.4852,0.15018
4.4891,0.15007
4.4930,0.14997
4.4969,0.14988
4.5008,0.14974
4.5047,0.14957
4.5086,0.14942
4.5125,0.14931
4.5165,0.14922
4.5204,0.14912
4.5244,0.14899
4.5283,0.14886
4.5323,0.14869
4.5362,0.14848
4.5402,0.14832
4.5442,0.14825
4.5482,0.14818
4.5522,0.14808
4.5562,0.14799
4.5602,0.14790
4.5642,0.14779
4.5682,0.14764
4.5722,0.14752
4.5763,0.14745
4.5803,0.14741
4.5844,0.14732
4.5884,0.14718
4.5925,0.14706
4.5966,0.14696
4.6006,0.14683
4.6047,0.14669
4.6088,0.14662
4.6129,0.14665
4.6170,0.14667
4.6211,0.14662
4.6253,0.14652
4.6294,0.14634
4.6335,0.14616
4.6377,0.14606
4.6418,0.14601
4.6460,0.14593
4.6501,0.14575
4.6543,0.14550
4.6585,0.14528
4.6627,0.14519
4.6669,0.14517
4.6711,0.14519
4.6753,0.14520
4.6795,0.14510
4.6837,0.14492
4.6880,0.14480
4.6922,0.14474
4.6965,0.14468
4.7007,0.14468
4.7050,0.14474
4.7093,0.14475
4.7136,0.14469
4.7178,0.14462
4.7221,0.14455
4.7264,0.14447
4.7308,0.14440
4.7351,0.14431
4.7394,0.14419
4.7437,0.14404
4.7481,0.14393
4.7524,0.14383
4.7568,0.14372
4.7612,0.14364
4.7655,0.14359
4.7699,0.14351
4.7743,0.14342
4.7787,0.14338
4.7831,0.14337
4.7875,0.14329
4.7920,0.14316
4.7964,0.14306
4.8008,0.14299
4.8053,0.14287
4.8097,0.14272
4.8142,0.14267
4.8187,0.14267
4.8232,0.14262
4.8277,0.14253
4.8322,0.14248
4.8367,0.14245
4.8412,0.14236
4.8457,0.14220
4.8502,0.14209
4.8548,0.14206
4.8593,0.14206
4.8639,0.14204
4.8685,0.14197
4.8730,0.14187
4.8776,0.14177
4.8822,0.14169
4.8868,0.14164
4.8914,0.14164
4.8960,0.14165
4.9007,0.14162
4.9053,0.14154
4.9100,0.14147
4.9146,0.14138
4.9193,0.14128
4.9239,0.14119
4.9286,0.14115
4.9333,0.14110
4.9380,0.14105
4.9427,0.14101
4.9474,0.14091
4.9522,0.14075
4.9569,0.14068
4.9616,0.14069
4.9664,0.14071
4.9712,0.14071
4.9759,0.14072
4.9807,0.14067
4.9855,0.14054
4.9903,0.14042
4.9951,0.14033
4.9999,0.14028
5.0047,0.14027
5.0096,0.14023
5.0144,0.14012
5.0193,0.13997
5.0241,0.13986
5.0290,0.13983
5.0339,0.13978
5.0388,0.13963
5.0437,0.13944
5.0486,0.13931
5.0535,0.13921
5.0584,0.13911
5.0634,0.13901
5.0683,0.13892
5.0733,0.13880
5.0783,0.13868
5.0832,0.13855
5.0882,0.13841
5.0932,0.13829
5.0982,0.13819
5.1033,0.13807
5.1083,0.13795
5.1133,0.13784
5.1184,0.13779
5.1234,0.13777
5.1285,0.13777
5.1336,0.13779
5.1387,0.13778
5.1438,0.13769
5.1489,0.13760
5.1540,0.13752
5.1591,0.13741
5.1643,0.13728
5.1694,0.13720
5.1746,0.13719
5.1797,0.13709
5.1849,0.13688
5.1901,0.13673
5.1953,0.13668
5.2005,0.13660
5.2057,0.13652
5.2110,0.13650
5.2162,0.13647
5.2215,0.13643
5.2267,0.13646
5.2320,0.13647
5.2373,0.13643
5.2426,0.13638
5.2479,0.13635
5.2532,0.13630
5.2585,0.13620
5.2639,0.13604
5.2692,0.13588
5.2746,0.13577
5.2799,0.13568
5.2853,0.13560
5.2907,0.13554
5.2961,0.13548
5.3015,0.13543
5.3070,0.13539
5.3124,0.13533
5.3179,0.13520
5.3233,0.13506
5.3288,0.13494
5.3343,0.13487
5.3398,0.13483
5.3453,0.13475
5.3508,0.13464
5.3563,0.13453
5.3619,0.13444
5.3674,0.13440
5.3730,0.13441
5.3785,0.13440
5.3841,0.13430
5.3897,0.13425
5.3953,0.13428
5.4009,0.13423
5.4066,0.13415
5.4122,0.13414
5.4179,0.13416
5.4235,0.13413
5.4292,0.13407
5.4349,0.13400
5.4406,0.13395
5.4463,0.13391
5.4521,0.13385
5.4578,0.13380
5.4636,0.13376
5.4693,0.13369
5.4751,0.13357
5.4809,0.13349
5.4867,0.13341
5.4925,0.13331
5.4983,0.13320
5.5042,0.13313
5.5100,0.13305
5.5159,0.13297
5.5217,0.13289
5.5276,0.13280
5.5335,0.13270
5.5394,0.13265
5.5454,0.13262
5.5513,0.13253
5.5572,0.13239
5.5632,0.13224
5.5692,0.13207
5.5752,0.13188
5.5812,0.13170
5.5872,0.13160
5.5932,0.13149
5.5993,0.13131
5.6053,0.13115
5.6114,0.13107
5.6175,0.13098
5.6235,0.13084
5.6297,0.13067
5.6358,0.13049
5.6419,0.13041
5.6480,0.13047
5.6542,0.13059
5.6604,0.13064
5.6666,0.13060
5.6728,0.13050
5.6790,0.13035
5.6852,0.13022
5.6914,0.13016
5.6977,0.13010
5.7040,0.13004
5.7103,0.12999
5.7165,0.12992
5.7229,0.12979
5.7292,0.12960
5.7355,0.12943
5.7419,0.12928
5.7482,0.12904
5.7546,0.12875
5.7610,0.12855
5.7674,0.12840
5.7738,0.12824
5.7803,0.12808
5.7867,0.12795
5.7932,0.12785
5.7997,0.12771
5.8062,0.12746
5.8127,0.12718
5.8192,0.12694
5.8257,0.12670
5.8323,0.12643
5.8389,0.12612
5.8454,0.12583
5.8520,0.12559
5.8587,0.12539
5.8653,0.12519
5.8719,0.12498
5.8786,0.12475
5.8853,0.12447
5.8919,0.12418
5.8986,0.12391
5.9054,0.12363
5.9121,0.12332
5.9188,0.12301
5.9256,0.12275
5.9324,0.12255
5.9392,0.12235
5.9460,0.12213
5.9528,0.12192
5.9597,0.12175
5.9665,0.12158
5.9734,0.12137
5.9803,0.12115
5.9872,0.12094
5.9941,0.12073
6.0011,0.12055
6.0080,0.12040
6.0150,0.12027
6.0220,0.12009
6.0290,0.11985
6.0360,0.11963
6.0430,0.11943
6.0501,0.11918
6.0571,0.11887
6.0642,0.11862
6.0713,0.11837
6.0784,0.11802
6.0856,0.11761
6.0927,0.11725
6.0999,0.11697
6.1071,0.11673
6.1143,0.11645
6.1215,0.11607
6.1287,0.11565
6.1360,0.11535
6.1433,0.11516
6.1505,0.11495
6.1579,0.11470
6.1652,0.11443
6.1725,0.11414
6.1799,0.11383
6.1872,0.11352
6.1946,0.11325
6.2020,0.11293
6.2095,0.11250
6.2169,0.11204
6.2244,0.11165
6.2319,0.11131
6.2394,0.11096
6.2469,0.11061
6.2544,0.11030
6.2620,0.10998
6.2695,0.10960
6.2771,0.10924
6.2847,0.10890
6.2924,0.10849
6.3000,0.10803
6.3077,0.10756
6.3154,0.10707
6.3231,0.10655
6.3308,0.10604
6.3385,0.10558
6.3463,0.10509
6.3541,0.10447
6.3619,0.10382
6.3697,0.10323
6.3775,0.10268
6.3854,0.10215
6.3932,0.10163
6.4011,0.10118
6.4090,0.10074
6.4170,0.10022
6.4249,0.09961
6.4329,0.09905
6.4409,0.09857
6.4489,0.09811
6.4569,0.09771
6.4650,0.09737
6.4730,0.09700
6.4811,0.09654
6.4892,0.09609
6.4974,0.09570
6.5055,0.09534
6.5137,0.09501
6.5219,0.09479
6.5301,0.09467
6.5383,0.09459
6.5466,0.09454
6.5549,0.09459
6.5632,0.09478
6.5715,0.09504
6.5798,0.09528
6.5882,0.09555
6.5966,0.09581
6.6050,0.09600
6.6134,0.09625
6.6219,0.09663
6.6303,0.09706
6.6388,0.09750
6.6473,0.09793
6.6559,0.09840
6.6644,0.09895
6.6730,0.09949
6.6816,0.09999
6.6902,0.10050
6.6988,0.10095
6.7075,0.10127
6.7162,0.10148
6.7249,0.10163
6.7336,0.10176
6.7424,0.10191
6.7512,0.10203
6.7600,0.10208
6.7688,0.10203
6.7777,0.10188
6.7865,0.10169
6.7954,0.10157
6.8043,0.10150
6.8133,0.10143
6.8222,0.10134
6.8312,0.10128
6.8403,0.10129
6.8493,0.10129
6.8583,0.10123
6.8674,0.10108
6.8765,0.10086
6.8857,0.10062
6.8948,0.10039
6.9040,0.10016
6.9132,0.09991
6.9224,0.09972
6.9317,0.09956
6.9410,0.09933
6.9503,0.09904
6.9596,0.09873
6.9690,0.09839
6.9783,0.09809
6.9877,0.09796
6.9972,0.09793
7.0066,0.09793
7.0161,0.09795
7.0256,0.09798
7.0352,0.09803
7.0447,0.09811
7.0543,0.09815
7.0639,0.09814
7.0735,0.09813
7.0832,0.09813
7.0929,0.09818
7.1026,0.09836
7.1124,0.09861
7.1221,0.09879
7.1319,0.09895
7.1417,0.09912
7.1516,0.09923
7.1615,0.09925
7.1714,0.09919
7.1813,0.09907
7.1913,0.09899
7.2013,0.09894
7.2113,0.09876
7.2213,0.09850
7.2314,0.09827
7.2415,0.09814
7.2516,0.09813
7.2618,0.09824
7.2720,0.09841
7.2822,0.09856
7.2924,0.09869
7.3027,0.09876
7.3130,0.09877
7.3233,0.09872
7.3337,0.09852
7.3441,0.09819
7.3545,0.09789
7.3649,0.09765
7.3754,0.09741
7.3859,0.09715
7.3964,0.09685
7.4070,0.09650
7.4176,0.09622
7.4282,0.09615
7.4389,0.09628
7.4496,0.09642
7.4603,0.09648
7.4711,0.09658
7.4818,0.09670
7.4926,0.09675
7.5035,0.09672
7.5144,0.09668
7.5253,0.09667
7.5362,0.09665
7.5472,0.09653
7.5582,0.09638
7.5692,0.09631
7.5803,0.09623
7.5914,0.09608
7.6025,0.09586
7.6137,0.09563
7.6249,0.09541
7.6361,0.09518
7.6474,0.09496
7.6587,0.09479
7.6700,0.09459
7.6813,0.09435
7.6927,0.09420
7.7042,0.09408
7.7156,0.09384
7.7271,0.09354
7.7387,0.09330
7.7502,0.09303
7.7618,0.09263
7.7735,0.09219
7.7851,0.09179
7.7969,0.09148
7.8086,0.09126
7.8204,0.09097
7.8322,0.09059
7.8440,0.09018
7.8559,0.08965
7.8678,0.08906
7.8798,0.08853
7.8918,0.08808
7.9038,0.08765
7.9159,0.08725
7.9280,0.08683
7.9401,0.08639
7.9523,0.08599
7.9645,0.08563
7.9768,0.08522
7.9891,0.08481
8.0014,0.08453
8.0138,0.08435
8.0262,0.08412
8.0386,0.08372
8.0511,0.08316
8.0636,0.08262
8.0762,0.08214
8.0888,0.08159
8.1014,0.08097
8.1141,0.08044
8.1268,0.07993
8.1396,0.07936
8.1524,0.07877
8.1652,0.07822
8.1781,0.07768
8.1910,0.07712
8.2040,0.07653
8.2170,0.07583
8.2300,0.07502
8.2431,0.07424
8.2562,0.07351
8.2694,0.07276
8.2826,0.07197
8.2959,0.07119
8.3092,0.07043
8.3225,0.06964
8.3359,0.06887
8.3493,0.06808
8.3628,0.06723
8.3763,0.06638
8.3898,0.06561
8.4034,0.06483
8.4171,0.06398
8.4307,0.06317
8.4445,0.06247
8.4583,0.06189
8.4721,0.06141
8.4859,0.06095
8.4999,0.06045
8.5138,0.05997
8.5278,0.05960
8.5419,0.05934
8.5560,0.05908
8.5701,0.05870
8.5843,0.05822
8.5985,0.05774
8.6128,0.05732
8.6271,0.05689
8.6415,0.05645
8.6559,0.05601
8.6704,0.05549
8.6849,0.05500
8.6995,0.05460
8.7141,0.05419
8.7288,0.05378
8.7435,0.05341
8.7583,0.05314
8.7731,0.05294
8.7880,0.05271
8.8029,0.05254
8.8179,0.05255
8.8329,0.05269
8.8480,0.05282
8.8631,0.05291
8.8783,0.05296
8.8935,0.05304
8.9088,0.05327
8.9241,0.05355
8.9395,0.05370
8.9549,0.05374
8.9704,0.05389
8.9860,0.05415
9.0016,0.05434
9.0172,0.05437
9.0329,0.05434
9.0487,0.05429
9.0645,0.05419
9.0804,0.05400
9.0963,0.05376
9.1123,0.05354
9.1284,0.05340
9.1445,0.05326
9.1606,0.05300
9.1768,0.05257
9.1931,0.05208
9.2094,0.05164
9.2258,0.05131
9.2423,0.05105
9.2588,0.05076
9.2753,0.05040
9.2920,0.04995
9.3086,0.04940
9.3254,0.04884
9.3422,0.04829
9.3590,0.04768
9.3760,0.04700
9.3930,0.04637
9.4100,0.04591
9.4271,0.04559
9.4443,0.04530
9.4615,0.04486
9.4788,0.04429
9.4962,0.04376
9.5136,0.04324
9.5311,0.04266
9.5486,0.04214
9.5663,0.04177
9.5839,0.04141
9.6017,0.04101
9.6195,0.04062
9.6374,0.04025
9.6553,0.03992
9.6733,0.03968
9.6914,0.03945
9.7096,0.03919
9.7278,0.03903
9.7461,0.03899
9.7644,0.03893
9.7828,0.03881
9.8013,0.03869
9.8199,0.03856
9.8385,0.03840
9.8572,0.03825
9.8760,0.03812
9.8949,0.03794
9.9138,0.03772
9.9328,0.03752
9.9518,0.03734
9.9710,0.03709
9.9902,0.03676
10.0095,0.03642
10.0288,0.03611
10.0483,0.03588
10.0678,0.03567
10.0874,0.03532
10.1070,0.03480
10.1268,0.03417
10.1466,0.03343
10.1665,0.03269
10.1865,0.03203
10.2065,0.03145
10.2266,0.03088
10.2469,0.03026
10.2671,0.02957
10.2875,0.02884
10.3080,0.02815
10.3285,0.02752
10.3491,0.02704
10.3698,0.02671
10.3906,0.02634
10.4115,0.02567
10.4324,0.02485
10.4534,0.02426
10.4746,0.02397
10.4958,0.02373
10.5171,0.02332
10.5384,0.02265
10.5599,0.02192
10.5814,0.02141
10.6031,0.02108
10.6248,0.02073
10.6466,0.02031
10.6685,0.01990
10.6905,0.01963
10.7126,0.01938
10.7348,0.01890
10.7571,0.01831
10.7794,0.01778
10.8019,0.01733
10.8244,0.01696
10.8471,0.01665
10.8698,0.01631
10.8927,0.01608
10.9156,0.01605
10.9386,0.01602
10.9618,0.01589
10.9850,0.01584
11.0083,0.01585
11.0317,0.01578
11.0552,0.01571
11.0789,0.01574
11.1026,0.01590
11.1264,0.01622
11.1503,0.01650
11.1744,0.01655
11.1985,0.01650
11.2227,0.01649
11.2471,0.01648
11.2715,0.01645
11.2961,0.01639
11.3208,0.01634
11.3455,0.01645
11.3704,0.01655
11.3954,0.01648
11.4205,0.01639
11.4457,0.01628
11.4710,0.01611
11.4965,0.01594
11.5220,0.01574
11.5477,0.01551
11.5735,0.01525
11.5994,0.01492
11.6254,0.01458
11.6515,0.01427
11.6777,0.01391
11.7041,0.01358
11.7306,0.01339
11.7572,0.01329
11.7839,0.01328
11.8107,0.01328
11.8377,0.01314
11.8648,0.01280
11.8920,0.01247
11.9193,0.01232
11.9468,0.01222
11.9744,0.01208
12.0021,0.01198
12.0300,0.01196
12.0579,0.01185
12.0860,0.01146
12.1143,0.01098
12.1426,0.01059
12.1711,0.01029
12.1998,0.01007
12.2286,0.00993
12.2575,0.00984
12.2865,0.00978
12.3157,0.00961
12.3450,0.00931
12.3745,0.00906
12.4041,0.00880
12.4338,0.00841
12.4637,0.00801
12.4938,0.00770
12.5239,0.00746
12.5543,0.00727
12.5847,0.00722
12.6154,0.00725
12.6461,0.00718
12.6770,0.00695
12.7081,0.00664
12.7393,0.00638
12.7707,0.00619
12.8022,0.00608
12.8339,0.00593
12.8658,0.00562
12.8978,0.00540
12.9299,0.00549
12.9623,0.00573
12.9948,0.00570
13.0274,0.00533
13.0602,0.00498
13.0932,0.00487
13.1264,0.00473
13.1597,0.00441
13.1932,0.00418
13.2268,0.00408
13.2606,0.00396
13.2946,0.00386
13.3288,0.00376
13.3632,0.00370
13.3977,0.00376
13.4324,0.00379
13.4673,0.00355
13.5024,0.00311
13.5376,0.00275
13.5731,0.00261
13.6087,0.00258
13.6445,0.00248
13.6805,0.00223
13.7167,0.00207
13.7531,0.00209
13.7897,0.00220
13.8264,0.00221
13.8634,0.00202
13.9006,0.00183
13.9379,0.00183
13.9755,0.00197
14.0133,0.00219
14.0512,0.00228
14.0894,0.00218
14.1278,0.00208
14.1664,0.00208
14.2052,0.00187
14.2443,0.00144
14.2835,0.00120
14.3230,0.00132
14.3626,0.00149
14.4025,0.00147
14.4426,0.00141
14.4830,0.00139
14.5236,0.00135
14.5644,0.00137
14.6054,0.00154
14.6466,0.00164
14.6881,0.00150
14.7299,0.00129
14.7718,0.00123
14.8140,0.00116
14.8565,0.00119
14.8992,0.00170
14.9421,0.00239
14.9853,0.00285
15.0287,0.00290
15.0724,0.00272
15.1164,0.00267
15.1606,0.00318
15.2050,0.00395
15.2497,0.00439
15.2947,0.00463
15.3400,0.00506
15.3855,0.00559
15.4313,0.00609
15.4773,0.00644
15.5237,0.00668
15.5703,0.00689
15.6172,0.00703
15.6644,0.00716
15.7118,0.00763
15.7596,0.00855
15.8077,0.00945
15.8560,0.00979
15.9046,0.00968
15.9536,0.00949
16.0028,0.00958
16.0524,0.00993
16.1022,0.01007
16.1524,0.00999
16.2028,0.00993
16.2536,0.00997
16.3047,0.01016
16.3562,0.01024
16.4079,0.01005
16.4600,0.00999
16.5125,0.01024
16.5652,0.01057
16.6183,0.01077
16.6717,0.01050
16.7255,0.01010
16.7796,0.01020
16.8341,0.01014
16.8890,0.00968
16.9441,0.00946
16.9997,0.00929
17.0556,0.00898
17.1119,0.00895
17.1686,0.00948
17.2256,0.01018
17.2830,0.01063
17.3408,0.01036
17.3990,0.00985
17.4576,0.01047
17.5166,0.01186
17.5760,0.01198
17.6357,0.01112
17.6959,0.01113
17.7565,0.01171
17.8176,0.01159
17.8790,0.01131
17.9409,0.01120
18.0032,0.01106
18.0659,0.01134
18.1291,0.01173
18.1927,0.01147
18.2567,0.01080
18.3212,0.01057
18.3862,0.01209
18.4516,0.01411
18.5175,0.01426
18.5839,0.01313
18.6508,0.01391
18.7181,0.01600
18.7859,0.01619
18.8542,0.01519
18.9230,0.01451
18.9923,0.01429
19.0622,0.01425
19.1325,0.01321
19.2034,0.01320
19.2748,0.01398
19.3467,0.01344
19.4191,0.01621
19.4921,0.02425
19.5657,0.03050
19.6398,0.02703
19.7145,0.02423
19.7897,0.03167
19.8656,0.03305
19.9420,0.02684
20.0190,0.02431
